
D:\vs\1809\ver1>g++ main.cpp solution.cpp

D:\vs\1809\ver1>a.exe
no   1  1123925329 173
no   2  -638608154 237
no   3  1782335627 149
no   4  -146541120 184
no   5   432990295 202
no   6  1335282836 233
no   7 -1480655613 349
no   8  2059004843 297
no   9 -1739053635 132
no  10  1198494742 285
no  11    61862413 121
no  12 -1787407201 206
no  13    52790104 129
no  14    19496226 297
no  15  1105576909 246
no  16   887837449 164
no  17  -799909590 132
no  18    83397095 128
no  19   126942383 199
no  20   953286887 166
no  21   925605635 122
no  22  -630602914 156
no  23  1916211628 220
no  24  -398224711 209
no  25 -1408067549 236
no  26   101949539 134
no  27 -1090412650 277
no  28   699305797 137
no  29   -68537627 358
no  30  -427693615 234
no  31  1728126781 155
no  32  1907610885 158
no  33   927766232 169
no  34  2021859038 197
no  35 -1713521392 208
no  36  2098283443 320
no  37 -1480636488 133
no  38  1123092368 282
no  39  -595050641 186
no  40   929416252 153
no  41   883997865 214
no  42  2133750815 151
no  43  -115840021 157
no  44  -624308674 128
no  45 -1453655243 239
no  46   576432526 281
no  47 -1606612180 296
no  48 -1927549147 161
no  49  1302034618 155
no  50  -460130539 148
no  51  1523629477 237
no  52 -1818462110 168
no  53  -321205442 148
no  54  1077686013 200
no  55  -888005942 153
no  56  1808888609 149
no  57   568825867 135
no  58  -819539193 235
no  59  1949253829 184
no  60    45246214 174
no  61 -2007135005 245
no  62 -1558055285 178
no  63   482179017 203
no  64   764072428 125
no  65   124159275 190
no  66  1410743132 411
no  67  -978667447 273
no  68   186807187 190
no  69   642677069 176
no  70   648474729 160
no  71 -1471378877 190
no  72 -1153336057 135
no  73  -865481678 185
no  74  -650653737 275
no  75  -337408037 160
no  76  2036154356 185
no  77 -1104999366 225
no  78  -973977455 270
no  79 -1483316028 170
no  80   882546612 180
no  81  1605450589 295
no  82  -854038418 290
no  83   -31104357 245
no  84  -821289652 165
no  85   444948705 180
no  86  -426050014 245
no  87  1455086923 195
no  88  -461272193 125
no  89  -547048179 165
no  90 -1567384779 215
no  91  1992562137 215
no  92 -2121632266 351
no  93  1362271363 119
no  94  1496969535 340
no  95   879240104 130
no  96  1608190588 224
no  97  1238800802 137
no  98  -549071128 113
no  99  1784341116 116
no 100   695054135 165
Time excuted : 19.942000

D:\vs\1809\ver1>rm a.exe
