no   1  1123925329 233 
no   2  -638608154 308 
no   3  1782335627 205 
no   4  -146541120 248 
no   5   432990295 270 
no   6  1335282836 307 
no   7 -1480655613 439 
no   8  2059004843 380 
no   9 -1739053635 185 
no  10  1198494742 366 
no  11    61862413 172 
no  12 -1787407201 266 
no  13    52790104 181 
no  14    19496226 376 
no  15  1105576909 310 
no  16   887837449 217 
no  17  -799909590 181 
no  18    83397095 179 
no  19   126942383 258 
no  20   953286887 223 
no  21   925605635 171 
no  22  -630602914 205 
no  23  1916211628 276 
no  24  -398224711 267 
no  25 -1408067549 301 
no  26   101949539 184 
no  27 -1090412650 350 
no  28   699305797 187 
no  29   -68537627 455 
no  30  -427693615 304 
no  31  1728126781 211 
no  32  1907610885 215 
no  33   927766232 228 
no  34  2021859038 261 
no  35 -1713521392 268 
no  36  2098283443 404 
no  37 -1480636488 183 
no  38  1123092368 352 
no  39  -595050641 243 
no  40   929416252 208 
no  41   883997865 275 
no  42  2133750815 201 
no  43  -115840021 202 
no  44  -624308674 177 
no  45 -1453655243 303 
no  46   576432526 353 
no  47 -1606612180 368 
no  48 -1927549147 211 
no  49  1302034618 208 
no  50  -460130539 195 
no  51  1523629477 310 
no  52 -1818462110 220 
no  53  -321205442 192 
no  54  1077686013 264 
no  55  -888005942 203 
no  56  1808888609 201 
no  57   568825867 190 
no  58  -819539193 300 
no  59  1949253829 242 
no  60    45246214 229 
no  61 -2007135005 308 
no  62 -1558055285 231 
no  63   482179017 249 
no  64   764072428 174 
no  65   124159275 254 
no  66  1410743132 517 
no  67  -978667447 344 
no  68   186807187 247 
no  69   642677069 241 
no  70   648474729 219 
no  71 -1471378877 246 
no  72 -1153336057 185 
no  73  -865481678 243 
no  74  -650653737 355 
no  75  -337408037 214 
no  76  2036154356 247 
no  77 -1104999366 279 
no  78  -973977455 318 
no  79 -1483316028 226 
no  80   882546612 237 
no  81  1605450589 368 
no  82  -854038418 375 
no  83   -31104357 305 
no  84  -821289652 215 
no  85   444948705 235 
no  86  -426050014 311 
no  87  1455086923 257 
no  88  -461272193 179 
no  89  -547048179 224 
no  90 -1567384779 276 
no  91  1992562137 287 
no  92 -2121632266 409 
no  93  1362271363 167 
no  94  1496969535 429 
no  95   879240104 173 
no  96  1608190588 287 
no  97  1238800802 186 
no  98  -549071128 159 
no  99  1784341116 159 
no 100   695054135 214 
Time excuted : 25.970000 
