no   1  1123925329 174 
no   2  -638608154 232 
no   3  1782335627 150 
no   4  -146541120 186 
no   5   432990295 201 
no   6  1335282836 233 
no   7 -1480655613 350 
no   8  2059004843 296 
no   9 -1739053635 131 
no  10  1198494742 284 
no  11    61862413 120 
no  12 -1787407201 204 
no  13    52790104 126 
no  14    19496226 299 
no  15  1105576909 249 
no  16   887837449 163 
no  17  -799909590 133 
no  18    83397095 128 
no  19   126942383 198 
no  20   953286887 167 
no  21   925605635 124 
no  22  -630602914 152 
no  23  1916211628 218 
no  24  -398224711 211 
no  25 -1408067549 234 
no  26   101949539 132 
no  27 -1090412650 276 
no  28   699305797 135 
no  29   -68537627 357 
no  30  -427693615 235 
no  31  1728126781 155 
no  32  1907610885 159 
no  33   927766232 168 
no  34  2021859038 195 
no  35 -1713521392 208 
no  36  2098283443 313 
no  37 -1480636488 133 
no  38  1123092368 278 
no  39  -595050641 184 
no  40   929416252 154 
no  41   883997865 216 
no  42  2133750815 150 
no  43  -115840021 155 
no  44  -624308674 128 
no  45 -1453655243 240 
no  46   576432526 281 
no  47 -1606612180 299 
no  48 -1927549147 164 
no  49  1302034618 158 
no  50  -460130539 147 
no  51  1523629477 238 
no  52 -1818462110 168 
no  53  -321205442 139 
no  54  1077686013 199 
no  55  -888005942 148 
no  56  1808888609 147 
no  57   568825867 137 
no  58  -819539193 242 
no  59  1949253829 198 
no  60    45246214 175 
no  61 -2007135005 237 
no  62 -1558055285 176 
no  63   482179017 197 
no  64   764072428 126 
no  65   124159275 190 
no  66  1410743132 415 
no  67  -978667447 269 
no  68   186807187 184 
no  69   642677069 179 
no  70   648474729 160 
no  71 -1471378877 188 
no  72 -1153336057 135 
no  73  -865481678 185 
no  74  -650653737 286 
no  75  -337408037 156 
no  76  2036154356 184 
no  77 -1104999366 215 
no  78  -973977455 250 
no  79 -1483316028 170 
no  80   882546612 179 
no  81  1605450589 290 
no  82  -854038418 296 
no  83   -31104357 237 
no  84  -821289652 163 
no  85   444948705 180 
no  86  -426050014 243 
no  87  1455086923 194 
no  88  -461272193 124 
no  89  -547048179 164 
no  90 -1567384779 207 
no  91  1992562137 220 
no  92 -2121632266 325 
no  93  1362271363 119 
no  94  1496969535 335 
no  95   879240104 129 
no  96  1608190588 220 
no  97  1238800802 137 
no  98  -549071128 115 
no  99  1784341116 115 
no 100   695054135 163 
Time excuted : 19.831000 
