no   1  1123925329 46 
no   2  -638608154 36 
no   3  1782335627 36 
no   4  -146541120 36 
no   5   432990295 36 
no   6  1335282836 37 
no   7 -1480655613 41 
no   8  2059004843 39 
no   9 -1739053635 37 
no  10  1198494742 37 
no  11    61862413 37 
no  12 -1787407201 40 
no  13    52790104 37 
no  14    19496226 37 
no  15  1105576909 37 
no  16   887837449 36 
no  17  -799909590 36 
no  18    83397095 36 
no  19   126942383 36 
no  20   953286887 36 
no  21   925605635 38 
no  22  -630602914 36 
no  23  1916211628 37 
no  24  -398224711 36 
no  25 -1408067549 37 
no  26   101949539 39 
no  27 -1090412650 36 
no  28   699305797 36 
no  29   -68537627 37 
no  30  -427693615 37 
no  31  1728126781 38 
no  32  1907610885 38 
no  33   927766232 39 
no  34  2021859038 41 
no  35 -1713521392 38 
no  36  2098283443 37 
no  37 -1480636488 37 
no  38  1123092368 39 
no  39  -595050641 38 
no  40   929416252 37 
no  41   883997865 38 
no  42  2133750815 39 
no  43  -115840021 38 
no  44  -624308674 37 
no  45 -1453655243 36 
no  46   576432526 36 
no  47 -1606612180 36 
no  48 -1927549147 36 
no  49  1302034618 36 
no  50  -460130539 37 
no  51  1523629477 36 
no  52 -1818462110 37 
no  53  -321205442 36 
no  54  1077686013 36 
no  55  -888005942 37 
no  56  1808888609 37 
no  57   568825867 39 
no  58  -819539193 37 
no  59  1949253829 37 
no  60    45246214 36 
no  61 -2007135005 36 
no  62 -1558055285 37 
no  63   482179017 37 
no  64   764072428 37 
no  65   124159275 38 
no  66  1410743132 38 
no  67  -978667447 37 
no  68   186807187 35 
no  69   642677069 36 
no  70   648474729 37 
no  71 -1471378877 37 
no  72 -1153336057 36 
no  73  -865481678 37 
no  74  -650653737 36 
no  75  -337408037 37 
no  76  2036154356 36 
no  77 -1104999366 36 
no  78  -973977455 36 
no  79 -1483316028 37 
no  80   882546612 37 
no  81  1605450589 36 
no  82  -854038418 37 
no  83   -31104357 39 
no  84  -821289652 38 
no  85   444948705 44 
no  86  -426050014 38 
no  87  1455086923 37 
no  88  -461272193 37 
no  89  -547048179 36 
no  90 -1567384779 38 
no  91  1992562137 39 
no  92 -2121632266 37 
no  93  1362271363 36 
no  94  1496969535 37 
no  95   879240104 37 
no  96  1608190588 36 
no  97  1238800802 36 
no  98  -549071128 37 
no  99  1784341116 39 
no 100   695054135 36 
Time excuted : 3.720000 
