number 9383 
0000000000000000000000000000000000000000000000000000000000000000
0000000000000000000000000000000000000000000000000000000000000000
0000000000000000000000000000000000000000000000000000000000000000
0000000000000000000000000000000000000000000000000000000000000000
0000000000000000000000000000000000000000000000000000000000000000
0000000000000000000000000000000000000000000000000000000000000000
0000000000000000000000000000000000000000000000000000000000000000
0000000000000000000000000000000000000000100000000000000000000000
0000000000000000000000000000000000000000100000000000000000000000
0011110000000000000000001001000000000000100000000000000000000000
0010010000000000000000001001000000000000111100000000000000000000
0010010000000000010000001001000000000000000000000000000000000000
0010010000000000010000001111000000000000000000000000000000000000
0000000000000000010000000000000000000000000000000000000000000000
0000000000000000011110000000000000000000000000000000000000000000
0000000000000000000000000000000000000000000000000000000000000000

[0,0] 57 53 50 57 57 53 50 57 54 54
[0,1] 57 53 50 57 57 53 50 57 54 54
[0,2] 53 51 50 57 53 51 50 57 50 50
[0,3] 51 49 48 55 51 49 48 55 48 48
[0,4] 49 47 46 53 49 47 46 53 54 50
[0,5] 47 45 44 51 47 45 44 51 52 52
[0,6] 49 45 42 47 49 45 42 47 56 56
[0,7] 49 45 42 47 49 45 42 47 60 64
[0,8] 49 45 42 47 49 45 42 47 56 56
[1,0] 57 53 50 57 57 53 50 57 54 54
[1,1] 57 53 50 57 57 53 50 57 54 54
[1,2] 53 51 48 55 53 51 52 59 50 50
[1,3] 51 51 48 55 51 49 48 55 48 48
[1,4] 49 51 48 55 49 47 46 53 52 48
[1,5] 47 51 48 55 47 45 44 51 48 46
[1,6] 49 51 48 53 49 45 42 47 48 46
[1,7] 51 51 48 51 49 45 42 47 48 50
[1,8] 53 51 48 49 49 45 42 47 44 46
[2,0] 57 53 50 57 57 53 50 57 54 54
[2,1] 57 53 50 57 57 53 50 57 54 54
[2,2] 53 49 46 53 53 51 54 61 50 50
[2,3] 51 47 44 51 51 51 50 57 48 48
[2,4] 49 45 42 49 49 51 50 57 50 48
[2,5] 47 43 40 47 47 51 50 57 48 46
[2,6] 47 43 40 47 49 51 48 53 48 46
[2,7] 47 43 40 47 51 51 48 51 48 48
[2,8] 47 43 40 47 53 51 48 49 44 46
[3,0] 57 53 50 57 57 53 50 57 54 54
[3,1] 57 53 50 57 57 53 50 57 54 54
[3,2] 54 50 47 54 54 50 53 60 51 51
[3,3] 53 49 46 53 53 49 48 55 50 50
[3,4] 52 48 45 52 52 48 47 54 51 51
[3,5] 51 47 44 51 51 47 46 53 52 52
[3,6] 51 47 44 51 51 47 44 51 54 54
[3,7] 51 47 44 51 51 47 44 51 56 56
[3,8] 51 47 44 51 51 47 44 51 54 54
[4,0] 57 53 50 57 57 53 50 57 54 54
[4,1] 57 53 50 57 57 53 50 57 54 54
[4,2] 55 51 48 55 55 51 52 59 52 52
[4,3] 54 50 47 54 54 50 49 56 51 51
[4,4] 53 49 46 53 53 49 48 55 50 50
[4,5] 52 48 45 52 52 48 47 54 49 49
[4,6] 52 48 45 52 52 48 45 52 49 49
[4,7] 52 48 45 52 52 48 45 52 49 49
[4,8] 52 48 45 52 52 48 45 52 49 49
[5,0] 57 53 50 57 57 53 50 57 54 54
[5,1] 57 53 50 57 57 53 50 57 54 54
[5,2] 56 52 49 56 56 52 51 58 53 53
[5,3] 55 51 48 55 55 51 50 57 52 52
[5,4] 54 50 47 54 54 50 49 56 51 51
[5,5] 53 49 46 53 53 49 48 55 50 50
[5,6] 53 49 46 53 53 49 46 53 50 50
[5,7] 53 49 46 53 53 49 46 53 50 50
[5,8] 53 49 46 53 53 49 46 53 50 50
[6,0] 57 53 50 57 57 53 50 57 54 54
[6,1] 57 53 50 57 57 53 50 57 54 54
[6,2] 57 53 50 57 57 53 50 57 54 54
[6,3] 57 53 50 57 57 53 50 57 54 54
[6,4] 57 53 50 57 57 53 50 57 54 54
[6,5] 57 53 50 57 57 53 50 57 54 54
[6,6] 57 53 50 57 57 53 50 57 54 54
[6,7] 57 53 50 57 57 53 50 57 54 54
[6,8] 57 53 50 57 57 53 50 57 54 54
[7,0] 57 53 50 57 57 53 50 57 54 54
[7,1] 57 53 50 57 57 53 50 57 54 54
[7,2] 57 53 50 57 57 53 50 57 54 54
[7,3] 57 53 50 57 57 53 50 57 54 54
[7,4] 57 53 50 57 57 53 50 57 54 54
[7,5] 57 53 50 57 57 53 50 57 54 54
[7,6] 57 53 50 57 57 53 50 57 54 54
[7,7] 57 53 50 57 57 53 50 57 54 54
[7,8] 57 53 50 57 57 53 50 57 54 54
[8,0] 57 53 50 57 57 53 50 57 54 54
[8,1] 57 53 50 57 57 53 50 57 54 54
[8,2] 57 53 50 57 57 53 50 57 54 54
[8,3] 57 53 50 57 57 53 50 57 54 54
[8,4] 57 53 50 57 57 53 50 57 54 54
[8,5] 57 53 50 57 57 53 50 57 54 54
[8,6] 57 53 50 57 57 53 50 57 54 54
[8,7] 57 53 50 57 57 53 50 57 54 54
[8,8] 57 53 50 57 57 53 50 57 54 54
[9,0] 57 53 50 57 57 53 50 57 54 54
[9,1] 57 53 50 57 57 53 50 57 54 54
[9,2] 57 53 50 57 57 53 50 57 54 54
[9,3] 57 53 50 57 57 53 50 57 54 54
[9,4] 57 53 50 57 57 53 50 57 54 54
[9,5] 57 53 50 57 57 53 50 57 54 54
[9,6] 57 53 50 57 57 53 50 57 54 54
[9,7] 57 53 50 57 57 53 50 57 54 54
[9,8] 57 53 50 57 57 53 50 57 54 54
[10,0] 57 53 50 57 57 53 50 57 54 54
[10,1] 57 53 50 57 57 53 50 57 54 54
[10,2] 57 53 50 57 57 53 50 57 54 54
[10,3] 57 53 50 57 57 53 50 57 54 54
[10,4] 56 52 51 58 56 52 49 56 53 53
[10,5] 55 51 50 57 55 51 48 55 52 52
[10,6] 54 50 49 56 54 50 47 54 51 51
[10,7] 53 49 48 55 53 49 46 53 50 50
[10,8] 53 49 46 53 53 49 46 53 50 50
[11,0] 57 53 50 57 57 53 50 57 54 54
[11,1] 57 53 50 57 57 53 50 57 54 54
[11,2] 57 53 50 57 57 53 50 57 54 54
[11,3] 57 53 50 57 57 53 50 57 54 54
[11,4] 56 52 51 58 56 52 49 56 53 53
[11,5] 55 51 50 57 55 51 48 55 52 52
[11,6] 54 50 49 56 54 50 47 54 51 51
[11,7] 52 48 49 56 52 48 45 52 49 49
[11,8] 52 48 45 52 52 48 45 52 49 49
[12,0] 57 53 50 57 57 53 50 57 54 54
[12,1] 57 53 50 57 57 53 50 57 54 54
[12,2] 57 53 50 57 57 53 50 57 54 54
[12,3] 57 53 50 57 57 53 50 57 54 54
[12,4] 56 52 51 58 56 52 49 56 53 53
[12,5] 55 51 50 57 55 51 48 55 52 52
[12,6] 54 50 49 56 54 50 47 54 53 53
[12,7] 51 47 50 57 51 47 44 51 52 52
[12,8] 51 47 44 51 51 47 44 51 54 54
[13,0] 57 53 50 57 57 53 50 57 54 54
[13,1] 57 53 50 57 57 53 50 57 54 54
[13,2] 57 53 50 57 57 53 50 57 54 54
[13,3] 57 53 50 57 57 53 50 57 54 54
[13,4] 56 54 51 58 56 52 49 56 53 53
[13,5] 55 55 52 59 55 51 48 55 52 52
[13,6] 54 56 53 60 54 50 47 54 53 51
[13,7] 50 54 57 64 50 46 43 50 49 47
[13,8] 52 54 51 56 50 46 43 50 49 47
[14,0] 57 53 50 57 57 53 50 57 54 54
[14,1] 57 53 50 57 57 53 50 57 54 54
[14,2] 57 53 50 57 57 53 50 57 54 54
[14,3] 57 53 50 57 57 53 50 57 54 54
[14,4] 56 52 49 56 56 54 51 58 53 53
[14,5] 55 51 48 55 55 55 52 59 52 52
[14,6] 54 50 47 54 54 56 53 60 53 51
[14,7] 50 48 49 56 50 54 51 58 49 47
[14,8] 50 48 45 52 52 54 51 56 49 47
[15,0] 57 53 50 57 57 53 50 57 54 54
[15,1] 57 53 50 57 57 53 50 57 54 54
[15,2] 57 53 50 57 57 53 50 57 54 54
[15,3] 57 53 50 57 57 53 50 57 54 54
[15,4] 56 52 49 56 56 52 51 58 53 53
[15,5] 55 51 48 55 55 51 50 57 52 52
[15,6] 54 50 47 54 54 50 49 56 53 53
[15,7] 50 48 47 54 50 48 47 54 51 51
[15,8] 50 48 45 52 50 48 45 52 53 53
[16,0] 57 53 50 57 57 53 50 57 54 54
[16,1] 57 53 50 57 57 53 50 57 54 54
[16,2] 57 53 50 57 57 53 50 57 54 54
[16,3] 57 53 50 57 57 53 50 57 54 54
[16,4] 56 52 49 56 56 52 51 58 53 53
[16,5] 55 51 48 55 55 51 50 57 52 52
[16,6] 54 50 47 54 54 50 49 56 51 51
[16,7] 50 48 45 52 50 48 49 56 47 47
[16,8] 50 48 45 52 50 48 45 52 47 47
[17,0] 57 53 50 57 57 53 50 57 54 54
[17,1] 57 53 50 57 57 53 50 57 54 54
[17,2] 56 52 51 58 56 52 49 56 53 53
[17,3] 55 51 50 57 55 51 48 55 52 52
[17,4] 53 49 48 55 53 49 48 55 50 50
[17,5] 51 47 46 53 51 47 46 53 48 48
[17,6] 50 46 43 50 50 46 45 52 47 47
[17,7] 46 42 39 46 46 44 47 54 43 43
[17,8] 46 42 39 46 46 44 41 48 43 43
[18,0] 57 53 50 57 57 53 50 57 54 54
[18,1] 57 53 50 57 57 53 50 57 54 54
[18,2] 56 52 51 58 56 52 49 56 53 53
[18,3] 55 51 50 57 55 51 48 55 52 52
[18,4] 54 50 49 56 54 50 47 54 51 51
[18,5] 52 48 49 56 52 48 45 52 49 49
[18,6] 52 48 45 52 52 48 45 52 49 49
[18,7] 49 45 42 49 49 45 48 55 46 46
[18,8] 49 45 42 49 49 45 42 49 46 46
[19,0] 57 53 50 57 57 53 50 57 54 54
[19,1] 57 53 50 57 57 53 50 57 54 54
[19,2] 56 52 51 58 56 52 49 56 53 53
[19,3] 55 51 50 57 55 51 48 55 52 52
[19,4] 54 50 49 56 54 50 47 54 53 53
[19,5] 51 47 50 57 51 47 44 51 52 52
[19,6] 51 47 44 51 51 47 44 51 54 54
[19,7] 49 45 42 49 49 45 46 53 54 54
[19,8] 49 45 42 49 49 45 42 49 52 52
[20,0] 57 53 50 57 57 53 50 57 54 54
[20,1] 57 53 50 57 57 53 50 57 54 54
[20,2] 55 53 52 59 55 51 48 55 52 52
[20,3] 53 53 52 59 53 49 46 53 50 50
[20,4] 51 53 52 59 51 47 44 51 50 48
[20,5] 47 51 54 61 47 43 40 47 46 44
[20,6] 49 51 48 53 47 43 40 47 46 44
[20,7] 50 50 47 50 46 42 41 48 47 47
[20,8] 52 50 47 48 46 42 39 46 45 47
[21,0] 57 53 50 57 57 53 50 57 54 54
[21,1] 57 53 50 57 57 53 50 57 54 54
[21,2] 55 51 50 57 55 53 50 57 52 52
[21,3] 53 49 48 55 53 53 50 57 50 50
[21,4] 51 47 46 53 51 53 50 57 50 48
[21,5] 47 45 46 53 47 51 48 55 46 44
[21,6] 47 45 42 49 49 51 48 53 46 44
[21,7] 47 45 42 49 51 51 48 51 50 48
[21,8] 47 45 42 49 53 51 48 49 46 48
[22,0] 57 53 50 57 57 53 50 57 54 54
[22,1] 57 53 50 57 57 53 50 57 54 54
[22,2] 55 51 50 57 55 51 50 57 52 52
[22,3] 53 49 48 55 53 49 48 55 50 50
[22,4] 51 47 46 53 51 47 46 53 52 52
[22,5] 47 45 44 51 47 45 44 51 52 52
[22,6] 47 45 42 49 47 45 42 49 56 56
[22,7] 47 45 42 49 47 45 42 49 64 60
[22,8] 47 45 42 49 47 45 42 49 56 56
[23,0] 57 53 50 57 57 53 50 57 54 54
[23,1] 57 53 50 57 57 53 50 57 54 54
[23,2] 55 53 50 57 55 51 50 57 52 52
[23,3] 53 53 50 57 53 49 48 55 50 50
[23,4] 51 53 50 57 51 47 46 53 50 48
[23,5] 47 51 48 55 47 45 46 53 46 44
[23,6] 49 51 48 53 47 45 42 49 46 44
[23,7] 51 51 48 51 47 45 42 49 50 48
[23,8] 53 51 48 49 47 45 42 49 46 48
[24,0] 57 53 50 57 57 53 50 57 54 54
[24,1] 57 53 50 57 57 53 50 57 54 54
[24,2] 55 51 48 55 55 53 52 59 52 52
[24,3] 53 49 46 53 53 53 52 59 50 50
[24,4] 51 47 44 51 51 53 52 59 50 48
[24,5] 47 43 40 47 47 51 54 61 46 44
[24,6] 47 43 40 47 49 51 48 53 46 44
[24,7] 47 43 40 47 51 51 48 51 48 48
[24,8] 47 43 40 47 53 51 48 49 46 48
[25,0] 57 53 50 57 57 53 50 57 54 54
[25,1] 57 53 50 57 57 53 50 57 54 54
[25,2] 56 52 49 56 56 52 51 58 53 53
[25,3] 55 51 48 55 55 51 50 57 52 52
[25,4] 54 50 47 54 54 50 49 56 53 53
[25,5] 51 47 44 51 51 47 50 57 52 52
[25,6] 51 47 44 51 51 47 44 51 54 54
[25,7] 51 47 44 51 51 47 44 51 56 56
[25,8] 51 47 44 51 51 47 44 51 54 54
[26,0] 57 53 50 57 57 53 50 57 54 54
[26,1] 57 53 50 57 57 53 50 57 54 54
[26,2] 56 52 49 56 56 52 51 58 53 53
[26,3] 55 51 48 55 55 51 50 57 52 52
[26,4] 54 50 47 54 54 50 49 56 51 51
[26,5] 52 48 45 52 52 48 49 56 49 49
[26,6] 52 48 45 52 52 48 45 52 49 49
[26,7] 52 48 45 52 52 48 45 52 49 49
[26,8] 52 48 45 52 52 48 45 52 49 49
[27,0] 57 53 50 57 57 53 50 57 54 54
[27,1] 57 53 50 57 57 53 50 57 54 54
[27,2] 56 52 49 56 56 52 51 58 53 53
[27,3] 55 51 48 55 55 51 50 57 52 52
[27,4] 54 50 47 54 54 50 49 56 51 51
[27,5] 53 49 46 53 53 49 48 55 50 50
[27,6] 53 49 46 53 53 49 46 53 50 50
[27,7] 53 49 46 53 53 49 46 53 50 50
[27,8] 53 49 46 53 53 49 46 53 50 50
[28,0] 57 53 50 57 57 53 50 57 54 54
[28,1] 57 53 50 57 57 53 50 57 54 54
[28,2] 57 53 50 57 57 53 50 57 54 54
[28,3] 57 53 50 57 57 53 50 57 54 54
[28,4] 57 53 50 57 57 53 50 57 54 54
[28,5] 57 53 50 57 57 53 50 57 54 54
[28,6] 57 53 50 57 57 53 50 57 54 54
[28,7] 57 53 50 57 57 53 50 57 54 54
[28,8] 57 53 50 57 57 53 50 57 54 54
[29,0] 57 53 50 57 57 53 50 57 54 54
[29,1] 57 53 50 57 57 53 50 57 54 54
[29,2] 57 53 50 57 57 53 50 57 54 54
[29,3] 57 53 50 57 57 53 50 57 54 54
[29,4] 57 53 50 57 57 53 50 57 54 54
[29,5] 57 53 50 57 57 53 50 57 54 54
[29,6] 57 53 50 57 57 53 50 57 54 54
[29,7] 57 53 50 57 57 53 50 57 54 54
[29,8] 57 53 50 57 57 53 50 57 54 54
[30,0] 57 53 50 57 57 53 50 57 54 54
[30,1] 57 53 50 57 57 53 50 57 54 54
[30,2] 57 53 50 57 57 53 50 57 54 54
[30,3] 57 53 50 57 57 53 50 57 54 54
[30,4] 57 53 50 57 57 53 50 57 54 54
[30,5] 57 53 50 57 57 53 50 57 54 54
[30,6] 57 53 50 57 57 53 50 57 54 54
[30,7] 57 53 50 57 57 53 50 57 54 54
[30,8] 57 53 50 57 57 53 50 57 54 54
[31,0] 57 53 50 57 57 53 50 57 54 54
[31,1] 57 53 50 57 57 53 50 57 54 54
[31,2] 57 53 50 57 57 53 50 57 54 54
[31,3] 57 53 50 57 57 53 50 57 54 54
[31,4] 57 53 50 57 57 53 50 57 54 54
[31,5] 57 53 50 57 57 53 50 57 54 54
[31,6] 57 53 50 57 57 53 50 57 54 54
[31,7] 57 53 50 57 57 53 50 57 54 54
[31,8] 57 53 50 57 57 53 50 57 54 54
[32,0] 57 53 50 57 57 53 50 57 54 54
[32,1] 57 53 50 57 57 53 50 57 54 54
[32,2] 57 53 50 57 57 53 50 57 54 54
[32,3] 57 53 50 57 57 53 50 57 54 54
[32,4] 57 53 50 57 57 53 50 57 54 54
[32,5] 57 53 50 57 57 53 50 57 54 54
[32,6] 57 53 50 57 57 53 50 57 54 54
[32,7] 57 53 50 57 57 53 50 57 54 54
[32,8] 57 53 50 57 57 53 50 57 54 54
[33,0] 56 52 51 58 56 52 49 56 53 53
[33,1] 55 51 50 57 55 51 48 55 52 52
[33,2] 54 50 49 56 54 50 47 54 51 51
[33,3] 53 49 48 55 53 49 46 53 50 50
[33,4] 53 49 46 53 53 49 46 53 50 50
[33,5] 53 49 46 53 53 49 46 53 50 50
[33,6] 53 49 46 53 53 49 46 53 50 50
[33,7] 55 51 48 53 53 49 46 53 50 50
[33,8] 56 52 49 54 54 50 47 54 51 51
[34,0] 56 52 51 58 56 52 49 56 53 53
[34,1] 55 51 50 57 55 51 48 55 52 52
[34,2] 54 50 49 56 54 50 47 54 51 51
[34,3] 52 48 49 56 52 48 45 52 49 49
[34,4] 52 48 45 52 52 48 45 52 49 49
[34,5] 52 48 45 52 52 48 45 52 49 49
[34,6] 52 48 45 52 52 48 45 52 49 49
[34,7] 54 50 47 52 52 48 45 52 49 49
[34,8] 55 51 48 53 53 49 46 53 50 50
[35,0] 56 52 51 58 56 52 49 56 53 53
[35,1] 55 51 50 57 55 51 48 55 52 52
[35,2] 54 50 49 56 54 50 47 54 53 53
[35,3] 51 47 50 57 51 47 44 51 52 52
[35,4] 51 47 44 51 51 47 44 51 54 54
[35,5] 51 47 44 51 51 47 44 51 56 56
[35,6] 51 47 44 51 51 47 44 51 54 54
[35,7] 53 49 46 51 51 47 44 51 52 52
[35,8] 54 50 47 52 52 48 45 52 51 51
[36,0] 56 54 51 58 56 52 49 56 53 53
[36,1] 55 55 52 59 55 51 48 55 52 52
[36,2] 54 56 53 60 54 50 47 54 53 51
[36,3] 50 54 57 64 50 46 43 50 49 47
[36,4] 52 54 51 56 50 46 43 50 49 47
[36,5] 54 54 51 54 50 46 43 50 51 51
[36,6] 56 54 51 52 50 46 43 50 49 51
[36,7] 58 54 51 50 50 46 43 50 49 51
[36,8] 57 53 50 51 51 47 44 51 50 52
[37,0] 56 52 49 56 56 54 51 58 53 53
[37,1] 55 51 48 55 55 55 52 59 52 52
[37,2] 54 50 47 54 54 56 53 60 53 51
[37,3] 50 48 49 56 50 54 51 58 49 47
[37,4] 50 48 45 52 52 54 51 56 49 47
[37,5] 50 48 45 52 54 54 51 54 53 51
[37,6] 50 48 45 52 56 54 51 52 49 51
[37,7] 52 48 45 50 58 54 51 50 49 51
[37,8] 53 49 46 51 57 53 50 51 50 54
[38,0] 56 52 49 56 56 52 51 58 53 53
[38,1] 55 51 48 55 55 51 50 57 52 52
[38,2] 54 50 47 54 54 50 49 56 53 53
[38,3] 50 48 47 54 50 48 47 54 51 51
[38,4] 50 48 45 52 50 48 45 52 53 53
[38,5] 50 48 45 52 50 48 45 52 61 57
[38,6] 50 48 45 52 50 48 45 52 55 55
[38,7] 52 48 45 50 54 50 47 50 53 53
[38,8] 53 49 46 51 55 51 48 51 52 56
[39,0] 56 52 49 56 56 52 51 58 53 53
[39,1] 55 51 48 55 55 51 50 57 52 52
[39,2] 54 50 47 54 54 50 49 56 51 51
[39,3] 50 48 45 52 50 48 49 56 47 47
[39,4] 50 48 45 52 50 48 45 52 47 47
[39,5] 50 48 45 52 50 48 45 52 53 49
[39,6] 50 48 45 52 50 48 45 52 49 49
[39,7] 52 48 45 50 54 50 47 50 49 49
[39,8] 53 49 46 51 55 51 48 51 50 54
[40,0] 56 52 49 56 56 52 51 58 53 53
[40,1] 55 51 48 55 55 51 50 57 52 52
[40,2] 54 50 47 54 54 50 49 56 51 51
[40,3] 50 46 43 50 50 48 51 58 47 47
[40,4] 50 46 43 50 50 48 45 52 47 47
[40,5] 50 46 43 50 50 48 45 52 51 49
[40,6] 50 46 43 50 50 48 45 52 49 49
[40,7] 50 46 43 50 54 50 47 50 49 49
[40,8] 51 47 44 51 55 51 48 51 50 52
[41,0] 57 53 50 57 57 53 50 57 54 54
[41,1] 57 53 50 57 57 53 50 57 54 54
[41,2] 57 53 50 57 57 53 50 57 54 54
[41,3] 54 50 47 54 54 50 53 60 51 51
[41,4] 54 50 47 54 54 50 47 54 51 51
[41,5] 54 50 47 54 54 50 47 54 53 53
[41,6] 54 50 47 54 54 50 47 54 53 53
[41,7] 54 50 47 54 54 50 47 54 53 53
[41,8] 54 50 47 54 54 50 47 54 53 53
[42,0] 57 53 50 57 57 53 50 57 54 54
[42,1] 57 53 50 57 57 53 50 57 54 54
[42,2] 57 53 50 57 57 53 50 57 54 54
[42,3] 55 51 48 55 55 51 52 59 52 52
[42,4] 55 51 48 55 55 51 48 55 52 52
[42,5] 55 51 48 55 55 51 48 55 52 52
[42,6] 55 51 48 55 55 51 48 55 52 52
[42,7] 55 51 48 55 55 51 48 55 52 52
[42,8] 55 51 48 55 55 51 48 55 52 52
[43,0] 57 53 50 57 57 53 50 57 54 54
[43,1] 57 53 50 57 57 53 50 57 54 54
[43,2] 57 53 50 57 57 53 50 57 54 54
[43,3] 56 52 49 56 56 52 51 58 53 53
[43,4] 56 52 49 56 56 52 49 56 53 53
[43,5] 56 52 49 56 56 52 49 56 53 53
[43,6] 56 52 49 56 56 52 49 56 53 53
[43,7] 56 52 49 56 56 52 49 56 53 53
[43,8] 56 52 49 56 56 52 49 56 53 53
[44,0] 57 53 50 57 57 53 50 57 54 54
[44,1] 57 53 50 57 57 53 50 57 54 54
[44,2] 57 53 50 57 57 53 50 57 54 54
[44,3] 57 53 50 57 57 53 50 57 54 54
[44,4] 57 53 50 57 57 53 50 57 54 54
[44,5] 57 53 50 57 57 53 50 57 54 54
[44,6] 57 53 50 57 57 53 50 57 54 54
[44,7] 57 53 50 57 57 53 50 57 54 54
[44,8] 57 53 50 57 57 53 50 57 54 54
[45,0] 57 53 50 57 57 53 50 57 54 54
[45,1] 57 53 50 57 57 53 50 57 54 54
[45,2] 57 53 50 57 57 53 50 57 54 54
[45,3] 57 53 50 57 57 53 50 57 54 54
[45,4] 57 53 50 57 57 53 50 57 54 54
[45,5] 57 53 50 57 57 53 50 57 54 54
[45,6] 57 53 50 57 57 53 50 57 54 54
[45,7] 57 53 50 57 57 53 50 57 54 54
[45,8] 57 53 50 57 57 53 50 57 54 54
[46,0] 57 53 50 57 57 53 50 57 54 54
[46,1] 57 53 50 57 57 53 50 57 54 54
[46,2] 57 53 50 57 57 53 50 57 54 54
[46,3] 57 53 50 57 57 53 50 57 54 54
[46,4] 57 53 50 57 57 53 50 57 54 54
[46,5] 57 53 50 57 57 53 50 57 54 54
[46,6] 57 53 50 57 57 53 50 57 54 54
[46,7] 57 53 50 57 57 53 50 57 54 54
[46,8] 57 53 50 57 57 53 50 57 54 54
[47,0] 57 53 50 57 57 53 50 57 54 54
[47,1] 57 53 50 57 57 53 50 57 54 54
[47,2] 57 53 50 57 57 53 50 57 54 54
[47,3] 57 53 50 57 57 53 50 57 54 54
[47,4] 57 53 50 57 57 53 50 57 54 54
[47,5] 57 53 50 57 57 53 50 57 54 54
[47,6] 57 53 50 57 57 53 50 57 54 54
[47,7] 57 53 50 57 57 53 50 57 54 54
[47,8] 57 53 50 57 57 53 50 57 54 54
[48,0] 57 53 50 57 57 53 50 57 54 54
[48,1] 57 53 50 57 57 53 50 57 54 54
[48,2] 57 53 50 57 57 53 50 57 54 54
[48,3] 57 53 50 57 57 53 50 57 54 54
[48,4] 57 53 50 57 57 53 50 57 54 54
[48,5] 57 53 50 57 57 53 50 57 54 54
[48,6] 57 53 50 57 57 53 50 57 54 54
[48,7] 57 53 50 57 57 53 50 57 54 54
[48,8] 57 53 50 57 57 53 50 57 54 54
[49,0] 57 53 50 57 57 53 50 57 54 54
[49,1] 57 53 50 57 57 53 50 57 54 54
[49,2] 57 53 50 57 57 53 50 57 54 54
[49,3] 57 53 50 57 57 53 50 57 54 54
[49,4] 57 53 50 57 57 53 50 57 54 54
[49,5] 57 53 50 57 57 53 50 57 54 54
[49,6] 57 53 50 57 57 53 50 57 54 54
[49,7] 57 53 50 57 57 53 50 57 54 54
[49,8] 57 53 50 57 57 53 50 57 54 54
[50,0] 57 53 50 57 57 53 50 57 54 54
[50,1] 57 53 50 57 57 53 50 57 54 54
[50,2] 57 53 50 57 57 53 50 57 54 54
[50,3] 57 53 50 57 57 53 50 57 54 54
[50,4] 57 53 50 57 57 53 50 57 54 54
[50,5] 57 53 50 57 57 53 50 57 54 54
[50,6] 57 53 50 57 57 53 50 57 54 54
[50,7] 57 53 50 57 57 53 50 57 54 54
[50,8] 57 53 50 57 57 53 50 57 54 54
[51,0] 57 53 50 57 57 53 50 57 54 54
[51,1] 57 53 50 57 57 53 50 57 54 54
[51,2] 57 53 50 57 57 53 50 57 54 54
[51,3] 57 53 50 57 57 53 50 57 54 54
[51,4] 57 53 50 57 57 53 50 57 54 54
[51,5] 57 53 50 57 57 53 50 57 54 54
[51,6] 57 53 50 57 57 53 50 57 54 54
[51,7] 57 53 50 57 57 53 50 57 54 54
[51,8] 57 53 50 57 57 53 50 57 54 54
[52,0] 57 53 50 57 57 53 50 57 54 54
[52,1] 57 53 50 57 57 53 50 57 54 54
[52,2] 57 53 50 57 57 53 50 57 54 54
[52,3] 57 53 50 57 57 53 50 57 54 54
[52,4] 57 53 50 57 57 53 50 57 54 54
[52,5] 57 53 50 57 57 53 50 57 54 54
[52,6] 57 53 50 57 57 53 50 57 54 54
[52,7] 57 53 50 57 57 53 50 57 54 54
[52,8] 57 53 50 57 57 53 50 57 54 54
[53,0] 57 53 50 57 57 53 50 57 54 54
[53,1] 57 53 50 57 57 53 50 57 54 54
[53,2] 57 53 50 57 57 53 50 57 54 54
[53,3] 57 53 50 57 57 53 50 57 54 54
[53,4] 57 53 50 57 57 53 50 57 54 54
[53,5] 57 53 50 57 57 53 50 57 54 54
[53,6] 57 53 50 57 57 53 50 57 54 54
[53,7] 57 53 50 57 57 53 50 57 54 54
[53,8] 57 53 50 57 57 53 50 57 54 54
[54,0] 57 53 50 57 57 53 50 57 54 54
[54,1] 57 53 50 57 57 53 50 57 54 54
[54,2] 57 53 50 57 57 53 50 57 54 54
[54,3] 57 53 50 57 57 53 50 57 54 54
[54,4] 57 53 50 57 57 53 50 57 54 54
[54,5] 57 53 50 57 57 53 50 57 54 54
[54,6] 57 53 50 57 57 53 50 57 54 54
[54,7] 57 53 50 57 57 53 50 57 54 54
[54,8] 57 53 50 57 57 53 50 57 54 54
[55,0] 57 53 50 57 57 53 50 57 54 54
[55,1] 57 53 50 57 57 53 50 57 54 54
[55,2] 57 53 50 57 57 53 50 57 54 54
[55,3] 57 53 50 57 57 53 50 57 54 54
[55,4] 57 53 50 57 57 53 50 57 54 54
[55,5] 57 53 50 57 57 53 50 57 54 54
[55,6] 57 53 50 57 57 53 50 57 54 54
[55,7] 57 53 50 57 57 53 50 57 54 54
[55,8] 57 53 50 57 57 53 50 57 54 54
[56,0] 57 53 50 57 57 53 50 57 54 54
[56,1] 57 53 50 57 57 53 50 57 54 54
[56,2] 57 53 50 57 57 53 50 57 54 54
[56,3] 57 53 50 57 57 53 50 57 54 54
[56,4] 57 53 50 57 57 53 50 57 54 54
[56,5] 57 53 50 57 57 53 50 57 54 54
[56,6] 57 53 50 57 57 53 50 57 54 54
[56,7] 57 53 50 57 57 53 50 57 54 54
[56,8] 57 53 50 57 57 53 50 57 54 54
GUESS, 09(0) GUESS, 83(13) GUESS, 218(22) GUESS, 303(36) 
RESULT: 1 (0%)
Execution Time: 0.004229 
