5
5
7
1 2 9
1 5 5
2 5 3
2 3 8
2 4 2
3 4 9
4 5 6
6
9
1 2 8
1 4 9
2 4 1
2 5 5
2 3 6
2 6 2
3 6 7
4 5 3
5 6 4
4
5
1 2 1
1 3 2
1 4 3
2 3 7
3 4 9
11
17
10 4 80
9 3 70
1 7 83
7 9 92
9 2 67
11 8 95
8 9 33
10 5 73
9 6 61
7 6 27
2 4 33
4 8 90
5 3 4
6 11 25
6 4 67
6 3 9
6 5 48
9
35
8 3 8
1 7 83
2 5 61
4 9 61
9 6 100
2 6 2
6 4 90
6 1 51
9 3 3
3 5 4
3 2 7
7 2 88
7 6 44
5 6 14
8 5 56
3 4 16
8 6 32
9 1 43
4 7 93
6 3 73
4 8 69
5 9 96
9 8 74
4 5 79
4 1 54
5 1 58
4 2 80
2 9 2
5 7 93
2 8 62
7 3 28
1 2 15
1 3 47
9 7 35
8 1 32

