no   1  1123925329 40 
no   2  -638608154 37 
no   3  1782335627 36 
no   4  -146541120 37 
no   5   432990295 35 
no   6  1335282836 35 
no   7 -1480655613 35 
no   8  2059004843 37 
no   9 -1739053635 35 
no  10  1198494742 37 
no  11    61862413 35 
no  12 -1787407201 34 
no  13    52790104 36 
no  14    19496226 34 
no  15  1105576909 34 
no  16   887837449 34 
no  17  -799909590 36 
no  18    83397095 36 
no  19   126942383 34 
no  20   953286887 35 
no  21   925605635 37 
no  22  -630602914 35 
no  23  1916211628 34 
no  24  -398224711 35 
no  25 -1408067549 34 
no  26   101949539 34 
no  27 -1090412650 34 
no  28   699305797 35 
no  29   -68537627 34 
no  30  -427693615 35 
no  31  1728126781 35 
no  32  1907610885 36 
no  33   927766232 35 
no  34  2021859038 34 
no  35 -1713521392 34 
no  36  2098283443 33 
no  37 -1480636488 36 
no  38  1123092368 35 
no  39  -595050641 36 
no  40   929416252 35 
no  41   883997865 34 
no  42  2133750815 36 
no  43  -115840021 33 
no  44  -624308674 36 
no  45 -1453655243 34 
no  46   576432526 35 
no  47 -1606612180 35 
no  48 -1927549147 34 
no  49  1302034618 34 
no  50  -460130539 34 
no  51  1523629477 36 
no  52 -1818462110 35 
no  53  -321205442 35 
no  54  1077686013 34 
no  55  -888005942 33 
no  56  1808888609 34 
no  57   568825867 34 
no  58  -819539193 35 
no  59  1949253829 34 
no  60    45246214 33 
no  61 -2007135005 34 
no  62 -1558055285 34 
no  63   482179017 34 
no  64   764072428 35 
no  65   124159275 35 
no  66  1410743132 35 
no  67  -978667447 35 
no  68   186807187 34 
no  69   642677069 34 
no  70   648474729 34 
no  71 -1471378877 35 
no  72 -1153336057 34 
no  73  -865481678 35 
no  74  -650653737 35 
no  75  -337408037 34 
no  76  2036154356 34 
no  77 -1104999366 35 
no  78  -973977455 35 
no  79 -1483316028 35 
no  80   882546612 35 
no  81  1605450589 35 
no  82  -854038418 34 
no  83   -31104357 34 
no  84  -821289652 34 
no  85   444948705 34 
no  86  -426050014 33 
no  87  1455086923 33 
no  88  -461272193 34 
no  89  -547048179 34 
no  90 -1567384779 35 
no  91  1992562137 34 
no  92 -2121632266 34 
no  93  1362271363 36 
no  94  1496969535 35 
no  95   879240104 37 
no  96  1608190588 35 
no  97  1238800802 34 
no  98  -549071128 36 
no  99  1784341116 35 
no 100   695054135 35 
Time excuted : 3.478000 
