no   1  1123925329 141 
no   2  -638608154 143 
no   3  1782335627 148 
no   4  -146541120 144 
no   5   432990295 146 
no   6  1335282836 141 
no   7 -1480655613 141 
no   8  2059004843 139 
no   9 -1739053635 141 
no  10  1198494742 142 
no  11    61862413 142 
no  12 -1787407201 141 
no  13    52790104 143 
no  14    19496226 142 
no  15  1105576909 140 
no  16   887837449 136 
no  17  -799909590 141 
no  18    83397095 148 
no  19   126942383 144 
no  20   953286887 138 
no  21   925605635 142 
no  22  -630602914 142 
no  23  1916211628 142 
no  24  -398224711 145 
no  25 -1408067549 142 
no  26   101949539 137 
no  27 -1090412650 141 
no  28   699305797 137 
no  29   -68537627 139 
no  30  -427693615 142 
no  31  1728126781 143 
no  32  1907610885 141 
no  33   927766232 140 
no  34  2021859038 146 
no  35 -1713521392 144 
no  36  2098283443 143 
no  37 -1480636488 143 
no  38  1123092368 140 
no  39  -595050641 143 
no  40   929416252 143 
no  41   883997865 138 
no  42  2133750815 138 
no  43  -115840021 143 
no  44  -624308674 140 
no  45 -1453655243 140 
no  46   576432526 142 
no  47 -1606612180 144 
no  48 -1927549147 141 
no  49  1302034618 151 
no  50  -460130539 141 
no  51  1523629477 145 
no  52 -1818462110 140 
no  53  -321205442 137 
no  54  1077686013 143 
no  55  -888005942 148 
no  56  1808888609 143 
no  57   568825867 139 
no  58  -819539193 142 
no  59  1949253829 141 
no  60    45246214 145 
no  61 -2007135005 141 
no  62 -1558055285 142 
no  63   482179017 142 
no  64   764072428 141 
no  65   124159275 143 
no  66  1410743132 141 
no  67  -978667447 143 
no  68   186807187 138 
no  69   642677069 139 
no  70   648474729 140 
no  71 -1471378877 139 
no  72 -1153336057 138 
no  73  -865481678 140 
no  74  -650653737 146 
no  75  -337408037 136 
no  76  2036154356 137 
no  77 -1104999366 146 
no  78  -973977455 142 
no  79 -1483316028 139 
no  80   882546612 144 
no  81  1605450589 141 
no  82  -854038418 140 
no  83   -31104357 142 
no  84  -821289652 138 
no  85   444948705 137 
no  86  -426050014 140 
no  87  1455086923 136 
no  88  -461272193 139 
no  89  -547048179 143 
no  90 -1567384779 144 
no  91  1992562137 146 
no  92 -2121632266 146 
no  93  1362271363 139 
no  94  1496969535 142 
no  95   879240104 143 
no  96  1608190588 146 
no  97  1238800802 139 
no  98  -549071128 138 
no  99  1784341116 141 
no 100   695054135 148 
Time excuted : 14.162000 
