2 2 3
1 3 3
1 2 4
4 4 6
3 5 6
2 6 6
3 3 8
2 4 8
1 5 8
7 8 8
6 6 9
5 7 9
4 8 9
3 9 9
2 3 12
1 4 12
4 5 12
3 6 12
2 7 12
1 8 12
8 8 12
7 9 12
6 10 12
5 11 12
4 12 12
4 4 15
3 5 15
2 6 15
1 7 15
10 10 15
9 11 15
8 12 15
7 13 15
6 14 15
5 15 15
6 6 16
5 7 16
4 8 16
3 9 16
2 10 16
1 11 16
15 15 16
14 16 16
12 12 18
11 13 18
10 14 18
9 15 18
8 16 18
7 17 18
6 18 18
7 8 20
6 9 20
5 10 20
4 11 20
3 12 20
2 13 20
1 14 20
10 11 20
9 12 20
8 13 20
7 14 20
6 15 20
5 16 20
4 17 20
3 18 20
2 19 20
1 20 20
10 10 21
9 11 21
8 12 21
7 13 21
6 14 21
5 15 21
4 16 21
3 17 21
2 18 21
1 19 21
14 14 21
13 15 21
12 16 21
11 17 21
10 18 21
9 19 21
8 20 21
7 21 21
3 4 24
2 5 24
1 6 24
5 5 24
4 6 24
3 7 24
2 8 24
1 9 24
9 9 24
8 10 24
7 11 24
6 12 24
5 13 24
4 14 24
3 15 24
2 16 24
1 17 24
16 16 24
15 17 24
14 18 24
13 19 24
12 20 24
11 21 24
10 22 24
9 23 24
8 24 24
22 23 24
21 24 24
18 18 27
17 19 27
16 20 27
15 21 27
14 22 27
13 23 27
12 24 27
11 25 27
10 26 27
9 27 27
10 11 28
9 12 28
8 13 28
7 14 28
6 15 28
5 16 28
4 17 28
3 18 28
2 19 28
1 20 28
22 23 28
21 24 28
20 25 28
19 26 28
18 27 28
17 28 28
8 8 30
7 9 30
6 10 30
5 11 30
4 12 30
3 13 30
2 14 30
1 15 30
20 20 30
19 21 30
18 22 30
17 23 30
16 24 30
15 25 30
14 26 30
13 27 30
12 28 30
11 29 30
10 30 30
12 12 32
11 13 32
10 14 32
9 15 32
8 16 32
7 17 32
6 18 32
5 19 32
4 20 32
3 21 32
2 22 32
1 23 32
30 30 32
29 31 32
28 32 32
22 22 33
21 23 33
20 24 33
19 25 33
18 26 33
17 27 33
16 28 33
15 29 33
14 30 33
13 31 33
12 32 33
11 33 33
28 28 33
27 29 33
26 30 33
25 31 33
24 32 33
23 33 33
6 6 35
5 7 35
4 8 35
3 9 35
2 10 35
1 11 35
7 8 36
6 9 36
5 10 36
4 11 36
3 12 36
2 13 36
1 14 36
13 14 36
12 15 36
11 16 36
10 17 36
9 18 36
8 19 36
7 20 36
6 21 36
5 22 36
4 23 36
3 24 36
2 25 36
1 26 36
24 24 36
23 25 36
22 26 36
21 27 36
20 28 36
19 29 36
18 30 36
17 31 36
16 32 36
15 33 36
14 34 36
13 35 36
12 36 36
26 26 39
25 27 39
24 28 39
23 29 39
22 30 39
21 31 39
20 32 39
19 33 39
18 34 39
17 35 39
16 36 39
15 37 39
14 38 39
13 39 39
4 5 40
3 6 40
2 7 40
1 8 40
15 15 40
14 16 40
13 17 40
12 18 40
11 19 40
10 20 40
9 21 40
8 22 40
7 23 40
6 24 40
5 25 40
4 26 40
3 27 40
2 28 40
1 29 40
21 21 40
20 22 40
19 23 40
18 24 40
17 25 40
16 26 40
15 27 40
14 28 40
13 29 40
12 30 40
11 31 40
10 32 40
9 33 40
8 34 40
7 35 40
6 36 40
5 37 40
4 38 40
3 39 40
2 40 40
37 38 40
36 39 40
35 40 40
20 20 42
19 21 42
18 22 42
17 23 42
16 24 42
15 25 42
14 26 42
13 27 42
12 28 42
11 29 42
10 30 42
9 31 42
8 32 42
7 33 42
6 34 42
5 35 42
4 36 42
3 37 42
2 38 42
1 39 42
28 28 42
27 29 42
26 30 42
25 31 42
24 32 42
23 33 42
22 34 42
21 35 42
20 36 42
19 37 42
18 38 42
17 39 42
16 40 42
15 41 42
14 42 42
16 17 44
15 18 44
14 19 44
13 20 44
12 21 44
11 22 44
10 23 44
9 24 44
8 25 44
7 26 44
6 27 44
5 28 44
4 29 44
3 30 44
2 31 44
1 32 44
12 12 45
11 13 45
10 14 45
9 15 45
8 16 45
7 17 45
6 18 45
5 19 45
4 20 45
3 21 45
2 22 45
1 23 45
14 14 45
13 15 45
12 16 45
11 17 45
10 18 45
9 19 45
8 20 45
7 21 45
6 22 45
5 23 45
4 24 45
3 25 45
2 26 45
1 27 45
30 30 45
29 31 45
28 32 45
27 33 45
26 34 45
25 35 45
24 36 45
23 37 45
22 38 45
21 39 45
20 40 45
19 41 45
18 42 45
17 43 45
16 44 45
15 45 45
7 7 48
6 8 48
5 9 48
4 10 48
3 11 48
2 12 48
1 13 48
10 10 48
9 11 48
8 12 48
7 13 48
6 14 48
5 15 48
4 16 48
3 17 48
2 18 48
1 19 48
18 18 48
17 19 48
16 20 48
15 21 48
14 22 48
13 23 48
12 24 48
11 25 48
10 26 48
9 27 48
8 28 48
7 29 48
6 30 48
5 31 48
4 32 48
3 33 48
2 34 48
1 35 48
27 28 48
26 29 48
25 30 48
24 31 48
23 32 48
22 33 48
21 34 48
20 35 48
19 36 48
18 37 48
17 38 48
16 39 48
15 40 48
14 41 48
13 42 48
12 43 48
11 44 48
10 45 48
9 46 48
8 47 48
7 48 48
32 32 48
31 33 48
30 34 48
29 35 48
28 36 48
27 37 48
26 38 48
25 39 48
24 40 48
23 41 48
22 42 48
21 43 48
20 44 48
19 45 48
18 46 48
17 47 48
16 48 48
45 45 48
44 46 48
43 47 48
42 48 48
34 34 51
33 35 51
32 36 51
31 37 51
30 38 51
29 39 51
28 40 51
27 41 51
26 42 51
25 43 51
24 44 51
23 45 51
22 46 51
21 47 51
20 48 51
19 49 51
18 50 51
17 51 51
19 20 52
18 21 52
17 22 52
16 23 52
15 24 52
14 25 52
13 26 52
12 27 52
11 28 52
10 29 52
9 30 52
8 31 52
7 32 52
6 33 52
5 34 52
4 35 52
3 36 52
2 37 52
1 38 52
36 36 54
35 37 54
34 38 54
33 39 54
32 40 54
31 41 54
30 42 54
29 43 54
28 44 54
27 45 54
26 46 54
25 47 54
24 48 54
23 49 54
22 50 54
21 51 54
20 52 54
19 53 54
18 54 54
24 24 55
23 25 55
22 26 55
21 27 55
20 28 55
19 29 55
18 30 55
17 31 55
16 32 55
15 33 55
14 34 55
13 35 55
12 36 55
11 37 55
10 38 55
9 39 55
8 40 55
7 41 55
6 42 55
5 43 55
4 44 55
3 45 55
2 46 55
1 47 55
16 17 56
15 18 56
14 19 56
13 20 56
12 21 56
11 22 56
10 23 56
9 24 56
8 25 56
7 26 56
6 27 56
5 28 56
4 29 56
3 30 56
2 31 56
1 32 56
21 21 56
20 22 56
19 23 56
18 24 56
17 25 56
16 26 56
15 27 56
14 28 56
13 29 56
12 30 56
11 31 56
10 32 56
9 33 56
8 34 56
7 35 56
6 36 56
5 37 56
4 38 56
3 39 56
2 40 56
1 41 56
45 45 56
44 46 56
43 47 56
42 48 56
41 49 56
40 50 56
39 51 56
38 52 56
37 53 56
36 54 56
35 55 56
34 56 56
52 53 56
51 54 56
50 55 56
49 56 56
38 38 57
37 39 57
36 40 57
35 41 57
34 42 57
33 43 57
32 44 57
31 45 57
30 46 57
29 47 57
28 48 57
27 49 57
26 50 57
25 51 57
24 52 57
23 53 57
22 54 57
21 55 57
20 56 57
19 57 57
5 6 60
4 7 60
3 8 60
2 9 60
1 10 60
12 13 60
11 14 60
10 15 60
9 16 60
8 17 60
7 18 60
6 19 60
5 20 60
4 21 60
3 22 60
2 23 60
1 24 60
16 16 60
15 17 60
14 18 60
13 19 60
12 20 60
11 21 60
10 22 60
9 23 60
8 24 60
7 25 60
6 26 60
5 27 60
4 28 60
3 29 60
2 30 60
1 31 60
22 23 60
21 24 60
20 25 60
19 26 60
18 27 60
17 28 60
16 29 60
15 30 60
14 31 60
13 32 60
12 33 60
11 34 60
10 35 60
9 36 60
8 37 60
7 38 60
6 39 60
5 40 60
4 41 60
3 42 60
2 43 60
1 44 60
31 32 60
30 33 60
29 34 60
28 35 60
27 36 60
26 37 60
25 38 60
24 39 60
23 40 60
22 41 60
21 42 60
20 43 60
19 44 60
18 45 60
17 46 60
16 47 60
15 48 60
14 49 60
13 50 60
12 51 60
11 52 60
10 53 60
9 54 60
8 55 60
7 56 60
6 57 60
5 58 60
4 59 60
3 60 60
40 40 60
39 41 60
38 42 60
37 43 60
36 44 60
35 45 60
34 46 60
33 47 60
32 48 60
31 49 60
30 50 60
29 51 60
28 52 60
27 53 60
26 54 60
25 55 60
24 56 60
23 57 60
22 58 60
21 59 60
20 60 60
45 46 60
44 47 60
43 48 60
42 49 60
41 50 60
40 51 60
39 52 60
38 53 60
37 54 60
36 55 60
35 56 60
34 57 60
33 58 60
32 59 60
31 60 60
8 8 63
7 9 63
6 10 63
5 11 63
4 12 63
3 13 63
2 14 63
1 15 63
30 30 63
29 31 63
28 32 63
27 33 63
26 34 63
25 35 63
24 36 63
23 37 63
22 38 63
21 39 63
20 40 63
19 41 63
18 42 63
17 43 63
16 44 63
15 45 63
14 46 63
13 47 63
12 48 63
11 49 63
10 50 63
9 51 63
8 52 63
7 53 63
6 54 63
5 55 63
4 56 63
3 57 63
2 58 63
1 59 63
42 42 63
41 43 63
40 44 63
39 45 63
38 46 63
37 47 63
36 48 63
35 49 63
34 50 63
33 51 63
32 52 63
31 53 63
30 54 63
29 55 63
28 56 63
27 57 63
26 58 63
25 59 63
24 60 63
23 61 63
22 62 63
21 63 63
24 24 64
23 25 64
22 26 64
21 27 64
20 28 64
19 29 64
18 30 64
17 31 64
16 32 64
15 33 64
14 34 64
13 35 64
12 36 64
11 37 64
10 38 64
9 39 64
8 40 64
7 41 64
6 42 64
5 43 64
4 44 64
3 45 64
2 46 64
1 47 64
60 60 64
59 61 64
58 62 64
57 63 64
56 64 64
36 36 65
35 37 65
34 38 65
33 39 65
32 40 65
31 41 65
30 42 65
29 43 65
28 44 65
27 45 65
26 46 65
25 47 65
24 48 65
23 49 65
22 50 65
21 51 65
20 52 65
19 53 65
18 54 65
17 55 65
16 56 65
15 57 65
14 58 65
13 59 65
12 60 65
11 61 65
10 62 65
9 63 65
8 64 65
7 65 65
44 44 66
43 45 66
42 46 66
41 47 66
40 48 66
39 49 66
38 50 66
37 51 66
36 52 66
35 53 66
34 54 66
33 55 66
32 56 66
31 57 66
30 58 66
29 59 66
28 60 66
27 61 66
26 62 66
25 63 66
24 64 66
23 65 66
22 66 66
56 56 66
55 57 66
54 58 66
53 59 66
52 60 66
51 61 66
50 62 66
49 63 66
48 64 66
47 65 66
46 66 66
25 26 68
24 27 68
23 28 68
22 29 68
21 30 68
20 31 68
19 32 68
18 33 68
17 34 68
16 35 68
15 36 68
14 37 68
13 38 68
12 39 68
11 40 68
10 41 68
9 42 68
8 43 68
7 44 68
6 45 68
5 46 68
4 47 68
3 48 68
2 49 68
1 50 68
46 46 69
45 47 69
44 48 69
43 49 69
42 50 69
41 51 69
40 52 69
39 53 69
38 54 69
37 55 69
36 56 69
35 57 69
34 58 69
33 59 69
32 60 69
31 61 69
30 62 69
29 63 69
28 64 69
27 65 69
26 66 69
25 67 69
24 68 69
23 69 69
12 12 70
11 13 70
10 14 70
9 15 70
8 16 70
7 17 70
6 18 70
5 19 70
4 20 70
3 21 70
2 22 70
1 23 70
10 11 72
9 12 72
8 13 72
7 14 72
6 15 72
5 16 72
4 17 72
3 18 72
2 19 72
1 20 72
15 15 72
14 16 72
13 17 72
12 18 72
11 19 72
10 20 72
9 21 72
8 22 72
7 23 72
6 24 72
5 25 72
4 26 72
3 27 72
2 28 72
1 29 72
27 27 72
26 28 72
25 29 72
24 30 72
23 31 72
22 32 72
21 33 72
20 34 72
19 35 72
18 36 72
17 37 72
16 38 72
15 39 72
14 40 72
13 41 72
12 42 72
11 43 72
10 44 72
9 45 72
8 46 72
7 47 72
6 48 72
5 49 72
4 50 72
3 51 72
2 52 72
1 53 72
32 33 72
31 34 72
30 35 72
29 36 72
28 37 72
27 38 72
26 39 72
25 40 72
24 41 72
23 42 72
22 43 72
21 44 72
20 45 72
19 46 72
18 47 72
17 48 72
16 49 72
15 50 72
14 51 72
13 52 72
12 53 72
11 54 72
10 55 72
9 56 72
8 57 72
7 58 72
6 59 72
5 60 72
4 61 72
3 62 72
2 63 72
1 64 72
48 48 72
47 49 72
46 50 72
45 51 72
44 52 72
43 53 72
42 54 72
41 55 72
40 56 72
39 57 72
38 58 72
37 59 72
36 60 72
35 61 72
34 62 72
33 63 72
32 64 72
31 65 72
30 66 72
29 67 72
28 68 72
27 69 72
26 70 72
25 71 72
24 72 72
67 68 72
66 69 72
65 70 72
64 71 72
63 72 72
20 20 75
19 21 75
18 22 75
17 23 75
16 24 75
15 25 75
14 26 75
13 27 75
12 28 75
11 29 75
10 30 75
9 31 75
8 32 75
7 33 75
6 34 75
5 35 75
4 36 75
3 37 75
2 38 75
1 39 75
50 50 75
49 51 75
48 52 75
47 53 75
46 54 75
45 55 75
44 56 75
43 57 75
42 58 75
41 59 75
40 60 75
39 61 75
38 62 75
37 63 75
36 64 75
35 65 75
34 66 75
33 67 75
32 68 75
31 69 75
30 70 75
29 71 75
28 72 75
27 73 75
26 74 75
25 75 75
28 29 76
27 30 76
26 31 76
25 32 76
24 33 76
23 34 76
22 35 76
21 36 76
20 37 76
19 38 76
18 39 76
17 40 76
16 41 76
15 42 76
14 43 76
13 44 76
12 45 76
11 46 76
10 47 76
9 48 76
8 49 76
7 50 76
6 51 76
5 52 76
4 53 76
3 54 76
2 55 76
1 56 76
18 18 77
17 19 77
16 20 77
15 21 77
14 22 77
13 23 77
12 24 77
11 25 77
10 26 77
9 27 77
8 28 77
7 29 77
6 30 77
5 31 77
4 32 77
3 33 77
2 34 77
1 35 77
52 52 78
51 53 78
50 54 78
49 55 78
48 56 78
47 57 78
46 58 78
45 59 78
44 60 78
43 61 78
42 62 78
41 63 78
40 64 78
39 65 78
38 66 78
37 67 78
36 68 78
35 69 78
34 70 78
33 71 78
32 72 78
31 73 78
30 74 78
29 75 78
28 76 78
27 77 78
26 78 78
9 9 80
8 10 80
7 11 80
6 12 80
5 13 80
4 14 80
3 15 80
2 16 80
1 17 80
19 20 80
18 21 80
17 22 80
16 23 80
15 24 80
14 25 80
13 26 80
12 27 80
11 28 80
10 29 80
9 30 80
8 31 80
7 32 80
6 33 80
5 34 80
4 35 80
3 36 80
2 37 80
1 38 80
30 30 80
29 31 80
28 32 80
27 33 80
26 34 80
25 35 80
24 36 80
23 37 80
22 38 80
21 39 80
20 40 80
19 41 80
18 42 80
17 43 80
16 44 80
15 45 80
14 46 80
13 47 80
12 48 80
11 49 80
10 50 80
9 51 80
8 52 80
7 53 80
6 54 80
5 55 80
4 56 80
3 57 80
2 58 80
1 59 80
42 42 80
41 43 80
40 44 80
39 45 80
38 46 80
37 47 80
36 48 80
35 49 80
34 50 80
33 51 80
32 52 80
31 53 80
30 54 80
29 55 80
28 56 80
27 57 80
26 58 80
25 59 80
24 60 80
23 61 80
22 62 80
21 63 80
20 64 80
19 65 80
18 66 80
17 67 80
16 68 80
15 69 80
14 70 80
13 71 80
12 72 80
11 73 80
10 74 80
9 75 80
8 76 80
7 77 80
6 78 80
5 79 80
4 80 80
75 75 80
74 76 80
73 77 80
72 78 80
71 79 80
70 80 80
54 54 81
53 55 81
52 56 81
51 57 81
50 58 81
49 59 81
48 60 81
47 61 81
46 62 81
45 63 81
44 64 81
43 65 81
42 66 81
41 67 81
40 68 81
39 69 81
38 70 81
37 71 81
36 72 81
35 73 81
34 74 81
33 75 81
32 76 81
31 77 81
30 78 81
29 79 81
28 80 81
27 81 81
6 7 84
5 8 84
4 9 84
3 10 84
2 11 84
1 12 84
17 18 84
16 19 84
15 20 84
14 21 84
13 22 84
12 23 84
11 24 84
10 25 84
9 26 84
8 27 84
7 28 84
6 29 84
5 30 84
4 31 84
3 32 84
2 33 84
1 34 84
31 32 84
30 33 84
29 34 84
28 35 84
27 36 84
26 37 84
25 38 84
24 39 84
23 40 84
22 41 84
21 42 84
20 43 84
19 44 84
18 45 84
17 46 84
16 47 84
15 48 84
14 49 84
13 50 84
12 51 84
11 52 84
10 53 84
9 54 84
8 55 84
7 56 84
6 57 84
5 58 84
4 59 84
3 60 84
2 61 84
1 62 84
40 40 84
39 41 84
38 42 84
37 43 84
36 44 84
35 45 84
34 46 84
33 47 84
32 48 84
31 49 84
30 50 84
29 51 84
28 52 84
27 53 84
26 54 84
25 55 84
24 56 84
23 57 84
22 58 84
21 59 84
20 60 84
19 61 84
18 62 84
17 63 84
16 64 84
15 65 84
14 66 84
13 67 84
12 68 84
11 69 84
10 70 84
9 71 84
8 72 84
7 73 84
6 74 84
5 75 84
4 76 84
3 77 84
2 78 84
1 79 84
56 56 84
55 57 84
54 58 84
53 59 84
52 60 84
51 61 84
50 62 84
49 63 84
48 64 84
47 65 84
46 66 84
45 67 84
44 68 84
43 69 84
42 70 84
41 71 84
40 72 84
39 73 84
38 74 84
37 75 84
36 76 84
35 77 84
34 78 84
33 79 84
32 80 84
31 81 84
30 82 84
29 83 84
28 84 84
67 68 84
66 69 84
65 70 84
64 71 84
63 72 84
62 73 84
61 74 84
60 75 84
59 76 84
58 77 84
57 78 84
56 79 84
55 80 84
54 81 84
53 82 84
52 83 84
51 84 84
66 66 85
65 67 85
64 68 85
63 69 85
62 70 85
61 71 85
60 72 85
59 73 85
58 74 85
57 75 85
56 76 85
55 77 85
54 78 85
53 79 85
52 80 85
51 81 85
50 82 85
49 83 85
48 84 85
47 85 85
58 58 87
57 59 87
56 60 87
55 61 87
54 62 87
53 63 87
52 64 87
51 65 87
50 66 87
49 67 87
48 68 87
47 69 87
46 70 87
45 71 87
44 72 87
43 73 87
42 74 87
41 75 87
40 76 87
39 77 87
38 78 87
37 79 87
36 80 87
35 81 87
34 82 87
33 83 87
32 84 87
31 85 87
30 86 87
29 87 87
33 33 88
32 34 88
31 35 88
30 36 88
29 37 88
28 38 88
27 39 88
26 40 88
25 41 88
24 42 88
23 43 88
22 44 88
21 45 88
20 46 88
19 47 88
18 48 88
17 49 88
16 50 88
15 51 88
14 52 88
13 53 88
12 54 88
11 55 88
10 56 88
9 57 88
8 58 88
7 59 88
6 60 88
5 61 88
4 62 88
3 63 88
2 64 88
1 65 88
52 53 88
51 54 88
50 55 88
49 56 88
48 57 88
47 58 88
46 59 88
45 60 88
44 61 88
43 62 88
42 63 88
41 64 88
40 65 88
39 66 88
38 67 88
37 68 88
36 69 88
35 70 88
34 71 88
33 72 88
32 73 88
31 74 88
30 75 88
29 76 88
28 77 88
27 78 88
26 79 88
25 80 88
24 81 88
23 82 88
22 83 88
21 84 88
20 85 88
19 86 88
18 87 88
17 88 88
82 83 88
81 84 88
80 85 88
79 86 88
78 87 88
77 88 88
24 24 90
23 25 90
22 26 90
21 27 90
20 28 90
19 29 90
18 30 90
17 31 90
16 32 90
15 33 90
14 34 90
13 35 90
12 36 90
11 37 90
10 38 90
9 39 90
8 40 90
7 41 90
6 42 90
5 43 90
4 44 90
3 45 90
2 46 90
1 47 90
28 28 90
27 29 90
26 30 90
25 31 90
24 32 90
23 33 90
22 34 90
21 35 90
20 36 90
19 37 90
18 38 90
17 39 90
16 40 90
15 41 90
14 42 90
13 43 90
12 44 90
11 45 90
10 46 90
9 47 90
8 48 90
7 49 90
6 50 90
5 51 90
4 52 90
3 53 90
2 54 90
1 55 90
60 60 90
59 61 90
58 62 90
57 63 90
56 64 90
55 65 90
54 66 90
53 67 90
52 68 90
51 69 90
50 70 90
49 71 90
48 72 90
47 73 90
46 74 90
45 75 90
44 76 90
43 77 90
42 78 90
41 79 90
40 80 90
39 81 90
38 82 90
37 83 90
36 84 90
35 85 90
34 86 90
33 87 90
32 88 90
31 89 90
30 90 90
30 30 91
29 31 91
28 32 91
27 33 91
26 34 91
25 35 91
24 36 91
23 37 91
22 38 91
21 39 91
20 40 91
19 41 91
18 42 91
17 43 91
16 44 91
15 45 91
14 46 91
13 47 91
12 48 91
11 49 91
10 50 91
9 51 91
8 52 91
7 53 91
6 54 91
5 55 91
4 56 91
3 57 91
2 58 91
1 59 91
34 35 92
33 36 92
32 37 92
31 38 92
30 39 92
29 40 92
28 41 92
27 42 92
26 43 92
25 44 92
24 45 92
23 46 92
22 47 92
21 48 92
20 49 92
19 50 92
18 51 92
17 52 92
16 53 92
15 54 92
14 55 92
13 56 92
12 57 92
11 58 92
10 59 92
9 60 92
8 61 92
7 62 92
6 63 92
5 64 92
4 65 92
3 66 92
2 67 92
1 68 92
62 62 93
61 63 93
60 64 93
59 65 93
58 66 93
57 67 93
56 68 93
55 69 93
54 70 93
53 71 93
52 72 93
51 73 93
50 74 93
49 75 93
48 76 93
47 77 93
46 78 93
45 79 93
44 80 93
43 81 93
42 82 93
41 83 93
40 84 93
39 85 93
38 86 93
37 87 93
36 88 93
35 89 93
34 90 93
33 91 93
32 92 93
31 93 93
84 84 95
83 85 95
82 86 95
81 87 95
80 88 95
79 89 95
78 90 95
77 91 95
76 92 95
75 93 95
74 94 95
73 95 95
14 14 96
13 15 96
12 16 96
11 17 96
10 18 96
9 19 96
8 20 96
7 21 96
6 22 96
5 23 96
4 24 96
3 25 96
2 26 96
1 27 96
20 20 96
19 21 96
18 22 96
17 23 96
16 24 96
15 25 96
14 26 96
13 27 96
12 28 96
11 29 96
10 30 96
9 31 96
8 32 96
7 33 96
6 34 96
5 35 96
4 36 96
3 37 96
2 38 96
1 39 96
36 36 96
35 37 96
34 38 96
33 39 96
32 40 96
31 41 96
30 42 96
29 43 96
28 44 96
27 45 96
26 46 96
25 47 96
24 48 96
23 49 96
22 50 96
21 51 96
20 52 96
19 53 96
18 54 96
17 55 96
16 56 96
15 57 96
14 58 96
13 59 96
12 60 96
11 61 96
10 62 96
9 63 96
8 64 96
7 65 96
6 66 96
5 67 96
4 68 96
3 69 96
2 70 96
1 71 96
55 55 96
54 56 96
53 57 96
52 58 96
51 59 96
50 60 96
49 61 96
48 62 96
47 63 96
46 64 96
45 65 96
44 66 96
43 67 96
42 68 96
41 69 96
40 70 96
39 71 96
38 72 96
37 73 96
36 74 96
35 75 96
34 76 96
33 77 96
32 78 96
31 79 96
30 80 96
29 81 96
28 82 96
27 83 96
26 84 96
25 85 96
24 86 96
23 87 96
22 88 96
21 89 96
20 90 96
19 91 96
18 92 96
17 93 96
16 94 96
15 95 96
14 96 96
64 64 96
63 65 96
62 66 96
61 67 96
60 68 96
59 69 96
58 70 96
57 71 96
56 72 96
55 73 96
54 74 96
53 75 96
52 76 96
51 77 96
50 78 96
49 79 96
48 80 96
47 81 96
46 82 96
45 83 96
44 84 96
43 85 96
42 86 96
41 87 96
40 88 96
39 89 96
38 90 96
37 91 96
36 92 96
35 93 96
34 94 96
33 95 96
32 96 96
90 90 96
89 91 96
88 92 96
87 93 96
86 94 96
85 95 96
84 96 96
10 10 99
9 11 99
8 12 99
7 13 99
6 14 99
5 15 99
4 16 99
3 17 99
2 18 99
1 19 99
66 66 99
65 67 99
64 68 99
63 69 99
62 70 99
61 71 99
60 72 99
59 73 99
58 74 99
57 75 99
56 76 99
55 77 99
54 78 99
53 79 99
52 80 99
51 81 99
50 82 99
49 83 99
48 84 99
47 85 99
46 86 99
45 87 99
44 88 99
43 89 99
42 90 99
41 91 99
40 92 99
39 93 99
38 94 99
37 95 99
36 96 99
35 97 99
34 98 99
33 99 99
84 84 99
83 85 99
82 86 99
81 87 99
80 88 99
79 89 99
78 90 99
77 91 99
76 92 99
75 93 99
74 94 99
73 95 99
72 96 99
71 97 99
70 98 99
69 99 99
37 38 100
36 39 100
35 40 100
34 41 100
33 42 100
32 43 100
31 44 100
30 45 100
29 46 100
28 47 100
27 48 100
26 49 100
25 50 100
24 51 100
23 52 100
22 53 100
21 54 100
20 55 100
19 56 100
18 57 100
17 58 100
16 59 100
15 60 100
14 61 100
13 62 100
12 63 100
11 64 100
10 65 100
9 66 100
8 67 100
7 68 100
6 69 100
5 70 100
4 71 100
3 72 100
2 73 100
1 74 100
52 53 100
51 54 100
50 55 100
49 56 100
48 57 100
47 58 100
46 59 100
45 60 100
44 61 100
43 62 100
42 63 100
41 64 100
40 65 100
39 66 100
38 67 100
37 68 100
36 69 100
35 70 100
34 71 100
33 72 100
32 73 100
31 74 100
30 75 100
29 76 100
28 77 100
27 78 100
26 79 100
25 80 100
24 81 100
23 82 100
22 83 100
21 84 100
20 85 100
19 86 100
18 87 100
17 88 100
16 89 100
15 90 100
14 91 100
13 92 100
12 93 100
11 94 100
10 95 100
9 96 100
8 97 100
7 98 100
6 99 100
5 100 100
68 68 102
67 69 102
66 70 102
65 71 102
64 72 102
63 73 102
62 74 102
61 75 102
60 76 102
59 77 102
58 78 102
57 79 102
56 80 102
55 81 102
54 82 102
53 83 102
52 84 102
51 85 102
50 86 102
49 87 102
48 88 102
47 89 102
46 90 102
45 91 102
44 92 102
43 93 102
42 94 102
41 95 102
40 96 102
39 97 102
38 98 102
37 99 102
36 100 102
35 101 102
34 102 102
39 39 104
38 40 104
37 41 104
36 42 104
35 43 104
34 44 104
33 45 104
32 46 104
31 47 104
30 48 104
29 49 104
28 50 104
27 51 104
26 52 104
25 53 104
24 54 104
23 55 104
22 56 104
21 57 104
20 58 104
19 59 104
18 60 104
17 61 104
16 62 104
15 63 104
14 64 104
13 65 104
12 66 104
11 67 104
10 68 104
9 69 104
8 70 104
7 71 104
6 72 104
5 73 104
4 74 104
3 75 104
2 76 104
1 77 104
76 77 104
75 78 104
74 79 104
73 80 104
72 81 104
71 82 104
70 83 104
69 84 104
68 85 104
67 86 104
66 87 104
65 88 104
64 89 104
63 90 104
62 91 104
61 92 104
60 93 104
59 94 104
58 95 104
57 96 104
56 97 104
55 98 104
54 99 104
53 100 104
52 101 104
51 102 104
50 103 104
49 104 104
97 98 104
96 99 104
95 100 104
94 101 104
93 102 104
92 103 104
91 104 104
18 18 105
17 19 105
16 20 105
15 21 105
14 22 105
13 23 105
12 24 105
11 25 105
10 26 105
9 27 105
8 28 105
7 29 105
6 30 105
5 31 105
4 32 105
3 33 105
2 34 105
1 35 105
28 28 105
27 29 105
26 30 105
25 31 105
24 32 105
23 33 105
22 34 105
21 35 105
20 36 105
19 37 105
18 38 105
17 39 105
16 40 105
15 41 105
14 42 105
13 43 105
12 44 105
11 45 105
10 46 105
9 47 105
8 48 105
7 49 105
6 50 105
5 51 105
4 52 105
3 53 105
2 54 105
1 55 105
44 44 105
43 45 105
42 46 105
41 47 105
40 48 105
39 49 105
38 50 105
37 51 105
36 52 105
35 53 105
34 54 105
33 55 105
32 56 105
31 57 105
30 58 105
29 59 105
28 60 105
27 61 105
26 62 105
25 63 105
24 64 105
23 65 105
22 66 105
21 67 105
20 68 105
19 69 105
18 70 105
17 71 105
16 72 105
15 73 105
14 74 105
13 75 105
12 76 105
11 77 105
10 78 105
9 79 105
8 80 105
7 81 105
6 82 105
5 83 105
4 84 105
3 85 105
2 86 105
1 87 105
50 50 105
49 51 105
48 52 105
47 53 105
46 54 105
45 55 105
44 56 105
43 57 105
42 58 105
41 59 105
40 60 105
39 61 105
38 62 105
37 63 105
36 64 105
35 65 105
34 66 105
33 67 105
32 68 105
31 69 105
30 70 105
29 71 105
28 72 105
27 73 105
26 74 105
25 75 105
24 76 105
23 77 105
22 78 105
21 79 105
20 80 105
19 81 105
18 82 105
17 83 105
16 84 105
15 85 105
14 86 105
13 87 105
12 88 105
11 89 105
10 90 105
9 91 105
8 92 105
7 93 105
6 94 105
5 95 105
4 96 105
3 97 105
2 98 105
1 99 105
70 70 105
69 71 105
68 72 105
67 73 105
66 74 105
65 75 105
64 76 105
63 77 105
62 78 105
61 79 105
60 80 105
59 81 105
58 82 105
57 83 105
56 84 105
55 85 105
54 86 105
53 87 105
52 88 105
51 89 105
50 90 105
49 91 105
48 92 105
47 93 105
46 94 105
45 95 105
44 96 105
43 97 105
42 98 105
41 99 105
40 100 105
39 101 105
38 102 105
37 103 105
36 104 105
35 105 105
104 104 105
103 105 105
22 23 108
21 24 108
20 25 108
19 26 108
18 27 108
17 28 108
16 29 108
15 30 108
14 31 108
13 32 108
12 33 108
11 34 108
10 35 108
9 36 108
8 37 108
7 38 108
6 39 108
5 40 108
4 41 108
3 42 108
2 43 108
1 44 108
40 41 108
39 42 108
38 43 108
37 44 108
36 45 108
35 46 108
34 47 108
33 48 108
32 49 108
31 50 108
30 51 108
29 52 108
28 53 108
27 54 108
26 55 108
25 56 108
24 57 108
23 58 108
22 59 108
21 60 108
20 61 108
19 62 108
18 63 108
17 64 108
16 65 108
15 66 108
14 67 108
13 68 108
12 69 108
11 70 108
10 71 108
9 72 108
8 73 108
7 74 108
6 75 108
5 76 108
4 77 108
3 78 108
2 79 108
1 80 108
72 72 108
71 73 108
70 74 108
69 75 108
68 76 108
67 77 108
66 78 108
65 79 108
64 80 108
63 81 108
62 82 108
61 83 108
60 84 108
59 85 108
58 86 108
57 87 108
56 88 108
55 89 108
54 90 108
53 91 108
52 92 108
51 93 108
50 94 108
49 95 108
48 96 108
47 97 108
46 98 108
45 99 108
44 100 108
43 101 108
42 102 108
41 103 108
40 104 108
39 105 108
38 106 108
37 107 108
36 108 108
48 48 110
47 49 110
46 50 110
45 51 110
44 52 110
43 53 110
42 54 110
41 55 110
40 56 110
39 57 110
38 58 110
37 59 110
36 60 110
35 61 110
34 62 110
33 63 110
32 64 110
31 65 110
30 66 110
29 67 110
28 68 110
27 69 110
26 70 110
25 71 110
24 72 110
23 73 110
22 74 110
21 75 110
20 76 110
19 77 110
18 78 110
17 79 110
16 80 110
15 81 110
14 82 110
13 83 110
12 84 110
11 85 110
10 86 110
9 87 110
8 88 110
7 89 110
6 90 110
5 91 110
4 92 110
3 93 110
2 94 110
1 95 110
74 74 111
73 75 111
72 76 111
71 77 111
70 78 111
69 79 111
68 80 111
67 81 111
66 82 111
65 83 111
64 84 111
63 85 111
62 86 111
61 87 111
60 88 111
59 89 111
58 90 111
57 91 111
56 92 111
55 93 111
54 94 111
53 95 111
52 96 111
51 97 111
50 98 111
49 99 111
48 100 111
47 101 111
46 102 111
45 103 111
44 104 111
43 105 111
42 106 111
41 107 111
40 108 111
39 109 111
38 110 111
37 111 111
7 8 112
6 9 112
5 10 112
4 11 112
3 12 112
2 13 112
1 14 112
33 33 112
32 34 112
31 35 112
30 36 112
29 37 112
28 38 112
27 39 112
26 40 112
25 41 112
24 42 112
23 43 112
22 44 112
21 45 112
20 46 112
19 47 112
18 48 112
17 49 112
16 50 112
15 51 112
14 52 112
13 53 112
12 54 112
11 55 112
10 56 112
9 57 112
8 58 112
7 59 112
6 60 112
5 61 112
4 62 112
3 63 112
2 64 112
1 65 112
42 42 112
41 43 112
40 44 112
39 45 112
38 46 112
37 47 112
36 48 112
35 49 112
34 50 112
33 51 112
32 52 112
31 53 112
30 54 112
29 55 112
28 56 112
27 57 112
26 58 112
25 59 112
24 60 112
23 61 112
22 62 112
21 63 112
20 64 112
19 65 112
18 66 112
17 67 112
16 68 112
15 69 112
14 70 112
13 71 112
12 72 112
11 73 112
10 74 112
9 75 112
8 76 112
7 77 112
6 78 112
5 79 112
4 80 112
3 81 112
2 82 112
1 83 112
90 90 112
89 91 112
88 92 112
87 93 112
86 94 112
85 95 112
84 96 112
83 97 112
82 98 112
81 99 112
80 100 112
79 101 112
78 102 112
77 103 112
76 104 112
75 105 112
74 106 112
73 107 112
72 108 112
71 109 112
70 110 112
69 111 112
68 112 112
105 105 112
104 106 112
103 107 112
102 108 112
101 109 112
100 110 112
99 111 112
98 112 112
76 76 114
75 77 114
74 78 114
73 79 114
72 80 114
71 81 114
70 82 114
69 83 114
68 84 114
67 85 114
66 86 114
65 87 114
64 88 114
63 89 114
62 90 114
61 91 114
60 92 114
59 93 114
58 94 114
57 95 114
56 96 114
55 97 114
54 98 114
53 99 114
52 100 114
51 101 114
50 102 114
49 103 114
48 104 114
47 105 114
46 106 114
45 107 114
44 108 114
43 109 114
42 110 114
41 111 114
40 112 114
39 113 114
38 114 114
43 44 116
42 45 116
41 46 116
40 47 116
39 48 116
38 49 116
37 50 116
36 51 116
35 52 116
34 53 116
33 54 116
32 55 116
31 56 116
30 57 116
29 58 116
28 59 116
27 60 116
26 61 116
25 62 116
24 63 116
23 64 116
22 65 116
21 66 116
20 67 116
19 68 116
18 69 116
17 70 116
16 71 116
15 72 116
14 73 116
13 74 116
12 75 116
11 76 116
10 77 116
9 78 116
8 79 116
7 80 116
6 81 116
5 82 116
4 83 116
3 84 116
2 85 116
1 86 116
22 22 117
21 23 117
20 24 117
19 25 117
18 26 117
17 27 117
16 28 117
15 29 117
14 30 117
13 31 117
12 32 117
11 33 117
10 34 117
9 35 117
8 36 117
7 37 117
6 38 117
5 39 117
4 40 117
3 41 117
2 42 117
1 43 117
78 78 117
77 79 117
76 80 117
75 81 117
74 82 117
73 83 117
72 84 117
71 85 117
70 86 117
69 87 117
68 88 117
67 89 117
66 90 117
65 91 117
64 92 117
63 93 117
62 94 117
61 95 117
60 96 117
59 97 117
58 98 117
57 99 117
56 100 117
55 101 117
54 102 117
53 103 117
52 104 117
51 105 117
50 106 117
49 107 117
48 108 117
47 109 117
46 110 117
45 111 117
44 112 117
43 113 117
42 114 117
41 115 117
40 116 117
39 117 117
60 60 119
59 61 119
58 62 119
57 63 119
56 64 119
55 65 119
54 66 119
53 67 119
52 68 119
51 69 119
50 70 119
49 71 119
48 72 119
47 73 119
46 74 119
45 75 119
44 76 119
43 77 119
42 78 119
41 79 119
40 80 119
39 81 119
38 82 119
37 83 119
36 84 119
35 85 119
34 86 119
33 87 119
32 88 119
31 89 119
30 90 119
29 91 119
28 92 119
27 93 119
26 94 119
25 95 119
24 96 119
23 97 119
22 98 119
21 99 119
20 100 119
19 101 119
18 102 119
17 103 119
16 104 119
15 105 119
14 106 119
13 107 119
12 108 119
11 109 119
10 110 119
9 111 119
8 112 119
7 113 119
6 114 119
5 115 119
4 116 119
3 117 119
2 118 119
1 119 119
11 11 120
10 12 120
9 13 120
8 14 120
7 15 120
6 16 120
5 17 120
4 18 120
3 19 120
2 20 120
1 21 120
13 14 120
12 15 120
11 16 120
10 17 120
9 18 120
8 19 120
7 20 120
6 21 120
5 22 120
4 23 120
3 24 120
2 25 120
1 26 120
17 18 120
16 19 120
15 20 120
14 21 120
13 22 120
12 23 120
11 24 120
10 25 120
9 26 120
8 27 120
7 28 120
6 29 120
5 30 120
4 31 120
3 32 120
2 33 120
1 34 120
25 25 120
24 26 120
23 27 120
22 28 120
21 29 120
20 30 120
19 31 120
18 32 120
17 33 120
16 34 120
15 35 120
14 36 120
13 37 120
12 38 120
11 39 120
10 40 120
9 41 120
8 42 120
7 43 120
6 44 120
5 45 120
4 46 120
3 47 120
2 48 120
1 49 120
32 32 120
31 33 120
30 34 120
29 35 120
28 36 120
27 37 120
26 38 120
25 39 120
24 40 120
23 41 120
22 42 120
21 43 120
20 44 120
19 45 120
18 46 120
17 47 120
16 48 120
15 49 120
14 50 120
13 51 120
12 52 120
11 53 120
10 54 120
9 55 120
8 56 120
7 57 120
6 58 120
5 59 120
4 60 120
3 61 120
2 62 120
1 63 120
45 45 120
44 46 120
43 47 120
42 48 120
41 49 120
40 50 120
39 51 120
38 52 120
37 53 120
36 54 120
35 55 120
34 56 120
33 57 120
32 58 120
31 59 120
30 60 120
29 61 120
28 62 120
27 63 120
26 64 120
25 65 120
24 66 120
23 67 120
22 68 120
21 69 120
20 70 120
19 71 120
18 72 120
17 73 120
16 74 120
15 75 120
14 76 120
13 77 120
12 78 120
11 79 120
10 80 120
9 81 120
8 82 120
7 83 120
6 84 120
5 85 120
4 86 120
3 87 120
2 88 120
1 89 120
59 60 120
58 61 120
57 62 120
56 63 120
55 64 120
54 65 120
53 66 120
52 67 120
51 68 120
50 69 120
49 70 120
48 71 120
47 72 120
46 73 120
45 74 120
44 75 120
43 76 120
42 77 120
41 78 120
40 79 120
39 80 120
38 81 120
37 82 120
36 83 120
35 84 120
34 85 120
33 86 120
32 87 120
31 88 120
30 89 120
29 90 120
28 91 120
27 92 120
26 93 120
25 94 120
24 95 120
23 96 120
22 97 120
21 98 120
20 99 120
19 100 120
18 101 120
17 102 120
16 103 120
15 104 120
14 105 120
13 106 120
12 107 120
11 108 120
10 109 120
9 110 120
8 111 120
7 112 120
6 113 120
5 114 120
4 115 120
3 116 120
2 117 120
1 118 120
63 63 120
62 64 120
61 65 120
60 66 120
59 67 120
58 68 120
57 69 120
56 70 120
55 71 120
54 72 120
53 73 120
52 74 120
51 75 120
50 76 120
49 77 120
48 78 120
47 79 120
46 80 120
45 81 120
44 82 120
43 83 120
42 84 120
41 85 120
40 86 120
39 87 120
38 88 120
37 89 120
36 90 120
35 91 120
34 92 120
33 93 120
32 94 120
31 95 120
30 96 120
29 97 120
28 98 120
27 99 120
26 100 120
25 101 120
24 102 120
23 103 120
22 104 120
21 105 120
20 106 120
19 107 120
18 108 120
17 109 120
16 110 120
15 111 120
14 112 120
13 113 120
12 114 120
11 115 120
10 116 120
9 117 120
8 118 120
7 119 120
6 120 120
80 80 120
79 81 120
78 82 120
77 83 120
76 84 120
75 85 120
74 86 120
73 87 120
72 88 120
71 89 120
70 90 120
69 91 120
68 92 120
67 93 120
66 94 120
65 95 120
64 96 120
63 97 120
62 98 120
61 99 120
60 100 120
59 101 120
58 102 120
57 103 120
56 104 120
55 105 120
54 106 120
53 107 120
52 108 120
51 109 120
50 110 120
49 111 120
48 112 120
47 113 120
46 114 120
45 115 120
44 116 120
43 117 120
42 118 120
41 119 120
40 120 120
91 91 120
90 92 120
89 93 120
88 94 120
87 95 120
86 96 120
85 97 120
84 98 120
83 99 120
82 100 120
81 101 120
80 102 120
79 103 120
78 104 120
77 105 120
76 106 120
75 107 120
74 108 120
73 109 120
72 110 120
71 111 120
70 112 120
69 113 120
68 114 120
67 115 120
66 116 120
65 117 120
64 118 120
63 119 120
62 120 120
104 105 120
103 106 120
102 107 120
101 108 120
100 109 120
99 110 120
98 111 120
97 112 120
96 113 120
95 114 120
94 115 120
93 116 120
92 117 120
91 118 120
90 119 120
89 120 120
112 113 120
111 114 120
110 115 120
109 116 120
108 117 120
107 118 120
106 119 120
105 120 120
82 82 123
81 83 123
80 84 123
79 85 123
78 86 123
77 87 123
76 88 123
75 89 123
74 90 123
73 91 123
72 92 123
71 93 123
70 94 123
69 95 123
68 96 123
67 97 123
66 98 123
65 99 123
64 100 123
63 101 123
62 102 123
61 103 123
60 104 123
59 105 123
58 106 123
57 107 123
56 108 123
55 109 123
54 110 123
53 111 123
52 112 123
51 113 123
50 114 123
49 115 123
48 116 123
47 117 123
46 118 123
45 119 123
44 120 123
43 121 123
42 122 123
41 123 123
46 47 124
45 48 124
44 49 124
43 50 124
42 51 124
41 52 124
40 53 124
39 54 124
38 55 124
37 56 124
36 57 124
35 58 124
34 59 124
33 60 124
32 61 124
31 62 124
30 63 124
29 64 124
28 65 124
27 66 124
26 67 124
25 68 124
24 69 124
23 70 124
22 71 124
21 72 124
20 73 124
19 74 124
18 75 124
17 76 124
16 77 124
15 78 124
14 79 124
13 80 124
12 81 124
11 82 124
10 83 124
9 84 124
8 85 124
7 86 124
6 87 124
5 88 124
4 89 124
3 90 124
2 91 124
1 92 124
16 16 126
15 17 126
14 18 126
13 19 126
12 20 126
11 21 126
10 22 126
9 23 126
8 24 126
7 25 126
6 26 126
5 27 126
4 28 126
3 29 126
2 30 126
1 31 126
60 60 126
59 61 126
58 62 126
57 63 126
56 64 126
55 65 126
54 66 126
53 67 126
52 68 126
51 69 126
50 70 126
49 71 126
48 72 126
47 73 126
46 74 126
45 75 126
44 76 126
43 77 126
42 78 126
41 79 126
40 80 126
39 81 126
38 82 126
37 83 126
36 84 126
35 85 126
34 86 126
33 87 126
32 88 126
31 89 126
30 90 126
29 91 126
28 92 126
27 93 126
26 94 126
25 95 126
24 96 126
23 97 126
22 98 126
21 99 126
20 100 126
19 101 126
18 102 126
17 103 126
16 104 126
15 105 126
14 106 126
13 107 126
12 108 126
11 109 126
10 110 126
9 111 126
8 112 126
7 113 126
6 114 126
5 115 126
4 116 126
3 117 126
2 118 126
1 119 126
84 84 126
83 85 126
82 86 126
81 87 126
80 88 126
79 89 126
78 90 126
77 91 126
76 92 126
75 93 126
74 94 126
73 95 126
72 96 126
71 97 126
70 98 126
69 99 126
68 100 126
67 101 126
66 102 126
65 103 126
64 104 126
63 105 126
62 106 126
61 107 126
60 108 126
59 109 126
58 110 126
57 111 126
56 112 126
55 113 126
54 114 126
53 115 126
52 116 126
51 117 126
50 118 126
49 119 126
48 120 126
47 121 126
46 122 126
45 123 126
44 124 126
43 125 126
42 126 126
48 48 128
47 49 128
46 50 128
45 51 128
44 52 128
43 53 128
42 54 128
41 55 128
40 56 128
39 57 128
38 58 128
37 59 128
36 60 128
35 61 128
34 62 128
33 63 128
32 64 128
31 65 128
30 66 128
29 67 128
28 68 128
27 69 128
26 70 128
25 71 128
24 72 128
23 73 128
22 74 128
21 75 128
20 76 128
19 77 128
18 78 128
17 79 128
16 80 128
15 81 128
14 82 128
13 83 128
12 84 128
11 85 128
10 86 128
9 87 128
8 88 128
7 89 128
6 90 128
5 91 128
4 92 128
3 93 128
2 94 128
1 95 128
120 120 128
119 121 128
118 122 128
117 123 128
116 124 128
115 125 128
114 126 128
113 127 128
112 128 128
86 86 129
85 87 129
84 88 129
83 89 129
82 90 129
81 91 129
80 92 129
79 93 129
78 94 129
77 95 129
76 96 129
75 97 129
74 98 129
73 99 129
72 100 129
71 101 129
70 102 129
69 103 129
68 104 129
67 105 129
66 106 129
65 107 129
64 108 129
63 109 129
62 110 129
61 111 129
60 112 129
59 113 129
58 114 129
57 115 129
56 116 129
55 117 129
54 118 129
53 119 129
52 120 129
51 121 129
50 122 129
49 123 129
48 124 129
47 125 129
46 126 129
45 127 129
44 128 129
43 129 129
72 72 130
71 73 130
70 74 130
69 75 130
68 76 130
67 77 130
66 78 130
65 79 130
64 80 130
63 81 130
62 82 130
61 83 130
60 84 130
59 85 130
58 86 130
57 87 130
56 88 130
55 89 130
54 90 130
53 91 130
52 92 130
51 93 130
50 94 130
49 95 130
48 96 130
47 97 130
46 98 130
45 99 130
44 100 130
43 101 130
42 102 130
41 103 130
40 104 130
39 105 130
38 106 130
37 107 130
36 108 130
35 109 130
34 110 130
33 111 130
32 112 130
31 113 130
30 114 130
29 115 130
28 116 130
27 117 130
26 118 130
25 119 130
24 120 130
23 121 130
22 122 130
21 123 130
20 124 130
19 125 130
18 126 130
17 127 130
16 128 130
15 129 130
14 130 130
27 28 132
26 29 132
25 30 132
24 31 132
23 32 132
22 33 132
21 34 132
20 35 132
19 36 132
18 37 132
17 38 132
16 39 132
15 40 132
14 41 132
13 42 132
12 43 132
11 44 132
10 45 132
9 46 132
8 47 132
7 48 132
6 49 132
5 50 132
4 51 132
3 52 132
2 53 132
1 54 132
42 43 132
41 44 132
40 45 132
39 46 132
38 47 132
37 48 132
36 49 132
35 50 132
34 51 132
33 52 132
32 53 132
31 54 132
30 55 132
29 56 132
28 57 132
27 58 132
26 59 132
25 60 132
24 61 132
23 62 132
22 63 132
21 64 132
20 65 132
19 66 132
18 67 132
17 68 132
16 69 132
15 70 132
14 71 132
13 72 132
12 73 132
11 74 132
10 75 132
9 76 132
8 77 132
7 78 132
6 79 132
5 80 132
4 81 132
3 82 132
2 83 132
1 84 132
49 50 132
48 51 132
47 52 132
46 53 132
45 54 132
44 55 132
43 56 132
42 57 132
41 58 132
40 59 132
39 60 132
38 61 132
37 62 132
36 63 132
35 64 132
34 65 132
33 66 132
32 67 132
31 68 132
30 69 132
29 70 132
28 71 132
27 72 132
26 73 132
25 74 132
24 75 132
23 76 132
22 77 132
21 78 132
20 79 132
19 80 132
18 81 132
17 82 132
16 83 132
15 84 132
14 85 132
13 86 132
12 87 132
11 88 132
10 89 132
9 90 132
8 91 132
7 92 132
6 93 132
5 94 132
4 95 132
3 96 132
2 97 132
1 98 132
88 88 132
87 89 132
86 90 132
85 91 132
84 92 132
83 93 132
82 94 132
81 95 132
80 96 132
79 97 132
78 98 132
77 99 132
76 100 132
75 101 132
74 102 132
73 103 132
72 104 132
71 105 132
70 106 132
69 107 132
68 108 132
67 109 132
66 110 132
65 111 132
64 112 132
63 113 132
62 114 132
61 115 132
60 116 132
59 117 132
58 118 132
57 119 132
56 120 132
55 121 132
54 122 132
53 123 132
52 124 132
51 125 132
50 126 132
49 127 132
48 128 132
47 129 132
46 130 132
45 131 132
44 132 132
112 112 132
111 113 132
110 114 132
109 115 132
108 116 132
107 117 132
106 118 132
105 119 132
104 120 132
103 121 132
102 122 132
101 123 132
100 124 132
99 125 132
98 126 132
97 127 132
96 128 132
95 129 132
94 130 132
93 131 132
92 132 132
78 78 133
77 79 133
76 80 133
75 81 133
74 82 133
73 83 133
72 84 133
71 85 133
70 86 133
69 87 133
68 88 133
67 89 133
66 90 133
65 91 133
64 92 133
63 93 133
62 94 133
61 95 133
60 96 133
59 97 133
58 98 133
57 99 133
56 100 133
55 101 133
54 102 133
53 103 133
52 104 133
51 105 133
50 106 133
49 107 133
48 108 133
47 109 133
46 110 133
45 111 133
44 112 133
43 113 133
42 114 133
41 115 133
40 116 133
39 117 133
38 118 133
37 119 133
36 120 133
35 121 133
34 122 133
33 123 133
32 124 133
31 125 133
30 126 133
29 127 133
28 128 133
27 129 133
26 130 133
25 131 133
24 132 133
23 133 133
36 36 135
35 37 135
34 38 135
33 39 135
32 40 135
31 41 135
30 42 135
29 43 135
28 44 135
27 45 135
26 46 135
25 47 135
24 48 135
23 49 135
22 50 135
21 51 135
20 52 135
19 53 135
18 54 135
17 55 135
16 56 135
15 57 135
14 58 135
13 59 135
12 60 135
11 61 135
10 62 135
9 63 135
8 64 135
7 65 135
6 66 135
5 67 135
4 68 135
3 69 135
2 70 135
1 71 135
42 42 135
41 43 135
40 44 135
39 45 135
38 46 135
37 47 135
36 48 135
35 49 135
34 50 135
33 51 135
32 52 135
31 53 135
30 54 135
29 55 135
28 56 135
27 57 135
26 58 135
25 59 135
24 60 135
23 61 135
22 62 135
21 63 135
20 64 135
19 65 135
18 66 135
17 67 135
16 68 135
15 69 135
14 70 135
13 71 135
12 72 135
11 73 135
10 74 135
9 75 135
8 76 135
7 77 135
6 78 135
5 79 135
4 80 135
3 81 135
2 82 135
1 83 135
90 90 135
89 91 135
88 92 135
87 93 135
86 94 135
85 95 135
84 96 135
83 97 135
82 98 135
81 99 135
80 100 135
79 101 135
78 102 135
77 103 135
76 104 135
75 105 135
74 106 135
73 107 135
72 108 135
71 109 135
70 110 135
69 111 135
68 112 135
67 113 135
66 114 135
65 115 135
64 116 135
63 117 135
62 118 135
61 119 135
60 120 135
59 121 135
58 122 135
57 123 135
56 124 135
55 125 135
54 126 135
53 127 135
52 128 135
51 129 135
50 130 135
49 131 135
48 132 135
47 133 135
46 134 135
45 135 135
51 51 136
50 52 136
49 53 136
48 54 136
47 55 136
46 56 136
45 57 136
44 58 136
43 59 136
42 60 136
41 61 136
40 62 136
39 63 136
38 64 136
37 65 136
36 66 136
35 67 136
34 68 136
33 69 136
32 70 136
31 71 136
30 72 136
29 73 136
28 74 136
27 75 136
26 76 136
25 77 136
24 78 136
23 79 136
22 80 136
21 81 136
20 82 136
19 83 136
18 84 136
17 85 136
16 86 136
15 87 136
14 88 136
13 89 136
12 90 136
11 91 136
10 92 136
9 93 136
8 94 136
7 95 136
6 96 136
5 97 136
4 98 136
3 99 136
2 100 136
1 101 136
127 128 136
126 129 136
125 130 136
124 131 136
123 132 136
122 133 136
121 134 136
120 135 136
119 136 136
92 92 138
91 93 138
90 94 138
89 95 138
88 96 138
87 97 138
86 98 138
85 99 138
84 100 138
83 101 138
82 102 138
81 103 138
80 104 138
79 105 138
78 106 138
77 107 138
76 108 138
75 109 138
74 110 138
73 111 138
72 112 138
71 113 138
70 114 138
69 115 138
68 116 138
67 117 138
66 118 138
65 119 138
64 120 138
63 121 138
62 122 138
61 123 138
60 124 138
59 125 138
58 126 138
57 127 138
56 128 138
55 129 138
54 130 138
53 131 138
52 132 138
51 133 138
50 134 138
49 135 138
48 136 138
47 137 138
46 138 138
24 24 140
23 25 140
22 26 140
21 27 140
20 28 140
19 29 140
18 30 140
17 31 140
16 32 140
15 33 140
14 34 140
13 35 140
12 36 140
11 37 140
10 38 140
9 39 140
8 40 140
7 41 140
6 42 140
5 43 140
4 44 140
3 45 140
2 46 140
1 47 140
25 26 140
24 27 140
23 28 140
22 29 140
21 30 140
20 31 140
19 32 140
18 33 140
17 34 140
16 35 140
15 36 140
14 37 140
13 38 140
12 39 140
11 40 140
10 41 140
9 42 140
8 43 140
7 44 140
6 45 140
5 46 140
4 47 140
3 48 140
2 49 140
1 50 140
52 53 140
51 54 140
50 55 140
49 56 140
48 57 140
47 58 140
46 59 140
45 60 140
44 61 140
43 62 140
42 63 140
41 64 140
40 65 140
39 66 140
38 67 140
37 68 140
36 69 140
35 70 140
34 71 140
33 72 140
32 73 140
31 74 140
30 75 140
29 76 140
28 77 140
27 78 140
26 79 140
25 80 140
24 81 140
23 82 140
22 83 140
21 84 140
20 85 140
19 86 140
18 87 140
17 88 140
16 89 140
15 90 140
14 91 140
13 92 140
12 93 140
11 94 140
10 95 140
9 96 140
8 97 140
7 98 140
6 99 140
5 100 140
4 101 140
3 102 140
2 103 140
1 104 140
73 74 140
72 75 140
71 76 140
70 77 140
69 78 140
68 79 140
67 80 140
66 81 140
65 82 140
64 83 140
63 84 140
62 85 140
61 86 140
60 87 140
59 88 140
58 89 140
57 90 140
56 91 140
55 92 140
54 93 140
53 94 140
52 95 140
51 96 140
50 97 140
49 98 140
48 99 140
47 100 140
46 101 140
45 102 140
44 103 140
43 104 140
42 105 140
41 106 140
40 107 140
39 108 140
38 109 140
37 110 140
36 111 140
35 112 140
34 113 140
33 114 140
32 115 140
31 116 140
30 117 140
29 118 140
28 119 140
27 120 140
26 121 140
25 122 140
24 123 140
23 124 140
22 125 140
21 126 140
20 127 140
19 128 140
18 129 140
17 130 140
16 131 140
15 132 140
14 133 140
13 134 140
12 135 140
11 136 140
10 137 140
9 138 140
8 139 140
7 140 140
85 86 140
84 87 140
83 88 140
82 89 140
81 90 140
80 91 140
79 92 140
78 93 140
77 94 140
76 95 140
75 96 140
74 97 140
73 98 140
72 99 140
71 100 140
70 101 140
69 102 140
68 103 140
67 104 140
66 105 140
65 106 140
64 107 140
63 108 140
62 109 140
61 110 140
60 111 140
59 112 140
58 113 140
57 114 140
56 115 140
55 116 140
54 117 140
53 118 140
52 119 140
51 120 140
50 121 140
49 122 140
48 123 140
47 124 140
46 125 140
45 126 140
44 127 140
43 128 140
42 129 140
41 130 140
40 131 140
39 132 140
38 133 140
37 134 140
36 135 140
35 136 140
34 137 140
33 138 140
32 139 140
31 140 140
112 113 140
111 114 140
110 115 140
109 116 140
108 117 140
107 118 140
106 119 140
105 120 140
104 121 140
103 122 140
102 123 140
101 124 140
100 125 140
99 126 140
98 127 140
97 128 140
96 129 140
95 130 140
94 131 140
93 132 140
92 133 140
91 134 140
90 135 140
89 136 140
88 137 140
87 138 140
86 139 140
85 140 140
94 94 141
93 95 141
92 96 141
91 97 141
90 98 141
89 99 141
88 100 141
87 101 141
86 102 141
85 103 141
84 104 141
83 105 141
82 106 141
81 107 141
80 108 141
79 109 141
78 110 141
77 111 141
76 112 141
75 113 141
74 114 141
73 115 141
72 116 141
71 117 141
70 118 141
69 119 141
68 120 141
67 121 141
66 122 141
65 123 141
64 124 141
63 125 141
62 126 141
61 127 141
60 128 141
59 129 141
58 130 141
57 131 141
56 132 141
55 133 141
54 134 141
53 135 141
52 136 141
51 137 141
50 138 141
49 139 141
48 140 141
47 141 141
12 12 143
11 13 143
10 14 143
9 15 143
8 16 143
7 17 143
6 18 143
5 19 143
4 20 143
3 21 143
2 22 143
1 23 143
8 9 144
7 10 144
6 11 144
5 12 144
4 13 144
3 14 144
2 15 144
1 16 144
21 21 144
20 22 144
19 23 144
18 24 144
17 25 144
16 26 144
15 27 144
14 28 144
13 29 144
12 30 144
11 31 144
10 32 144
9 33 144
8 34 144
7 35 144
6 36 144
5 37 144
4 38 144
3 39 144
2 40 144
1 41 144
30 30 144
29 31 144
28 32 144
27 33 144
26 34 144
25 35 144
24 36 144
23 37 144
22 38 144
21 39 144
20 40 144
19 41 144
18 42 144
17 43 144
16 44 144
15 45 144
14 46 144
13 47 144
12 48 144
11 49 144
10 50 144
9 51 144
8 52 144
7 53 144
6 54 144
5 55 144
4 56 144
3 57 144
2 58 144
1 59 144
54 54 144
53 55 144
52 56 144
51 57 144
50 58 144
49 59 144
48 60 144
47 61 144
46 62 144
45 63 144
44 64 144
43 65 144
42 66 144
41 67 144
40 68 144
39 69 144
38 70 144
37 71 144
36 72 144
35 73 144
34 74 144
33 75 144
32 76 144
31 77 144
30 78 144
29 79 144
28 80 144
27 81 144
26 82 144
25 83 144
24 84 144
23 85 144
22 86 144
21 87 144
20 88 144
19 89 144
18 90 144
17 91 144
16 92 144
15 93 144
14 94 144
13 95 144
12 96 144
11 97 144
10 98 144
9 99 144
8 100 144
7 101 144
6 102 144
5 103 144
4 104 144
3 105 144
2 106 144
1 107 144
65 65 144
64 66 144
63 67 144
62 68 144
61 69 144
60 70 144
59 71 144
58 72 144
57 73 144
56 74 144
55 75 144
54 76 144
53 77 144
52 78 144
51 79 144
50 80 144
49 81 144
48 82 144
47 83 144
46 84 144
45 85 144
44 86 144
43 87 144
42 88 144
41 89 144
40 90 144
39 91 144
38 92 144
37 93 144
36 94 144
35 95 144
34 96 144
33 97 144
32 98 144
31 99 144
30 100 144
29 101 144
28 102 144
27 103 144
26 104 144
25 105 144
24 106 144
23 107 144
22 108 144
21 109 144
20 110 144
19 111 144
18 112 144
17 113 144
16 114 144
15 115 144
14 116 144
13 117 144
12 118 144
11 119 144
10 120 144
9 121 144
8 122 144
7 123 144
6 124 144
5 125 144
4 126 144
3 127 144
2 128 144
1 129 144
82 83 144
81 84 144
80 85 144
79 86 144
78 87 144
77 88 144
76 89 144
75 90 144
74 91 144
73 92 144
72 93 144
71 94 144
70 95 144
69 96 144
68 97 144
67 98 144
66 99 144
65 100 144
64 101 144
63 102 144
62 103 144
61 104 144
60 105 144
59 106 144
58 107 144
57 108 144
56 109 144
55 110 144
54 111 144
53 112 144
52 113 144
51 114 144
50 115 144
49 116 144
48 117 144
47 118 144
46 119 144
45 120 144
44 121 144
43 122 144
42 123 144
41 124 144
40 125 144
39 126 144
38 127 144
37 128 144
36 129 144
35 130 144
34 131 144
33 132 144
32 133 144
31 134 144
30 135 144
29 136 144
28 137 144
27 138 144
26 139 144
25 140 144
24 141 144
23 142 144
22 143 144
21 144 144
96 96 144
95 97 144
94 98 144
93 99 144
92 100 144
91 101 144
90 102 144
89 103 144
88 104 144
87 105 144
86 106 144
85 107 144
84 108 144
83 109 144
82 110 144
81 111 144
80 112 144
79 113 144
78 114 144
77 115 144
76 116 144
75 117 144
74 118 144
73 119 144
72 120 144
71 121 144
70 122 144
69 123 144
68 124 144
67 125 144
66 126 144
65 127 144
64 128 144
63 129 144
62 130 144
61 131 144
60 132 144
59 133 144
58 134 144
57 135 144
56 136 144
55 137 144
54 138 144
53 139 144
52 140 144
51 141 144
50 142 144
49 143 144
48 144 144
135 135 144
134 136 144
133 137 144
132 138 144
131 139 144
130 140 144
129 141 144
128 142 144
127 143 144
126 144 144
count is 4652
