1 10 60
1 101 136
1 104 140
1 107 144
1 11 16
1 11 35
1 118 120
1 119 119
1 119 126
1 12 84
1 129 144
1 13 48
1 14 112
1 14 20
1 14 36
1 15 30
1 15 63
1 16 144
1 17 24
1 17 80
1 19 21
1 19 48
1 19 99
1 2 4
1 20 20
1 20 28
1 20 72
1 21 120
1 23 143
1 23 32
1 23 45
1 23 70
1 24 60
1 26 120
1 26 36
1 27 45
1 27 96
1 29 40
1 29 72
1 3 3
1 31 126
1 31 60
1 32 44
1 32 56
1 34 120
1 34 84
1 35 105
1 35 48
1 35 77
1 38 52
1 38 80
1 39 42
1 39 75
1 39 96
1 4 12
1 41 144
1 41 56
1 43 117
1 44 108
1 44 60
1 47 140
1 47 55
1 47 64
1 47 90
1 49 120
1 5 8
1 50 140
1 50 68
1 53 72
1 54 132
1 55 105
1 55 90
1 56 76
1 59 144
1 59 63
1 59 80
1 59 91
1 6 24
1 62 84
1 63 120
1 64 72
1 65 112
1 65 88
1 68 92
1 7 15
1 71 135
1 71 96
1 74 100
1 77 104
1 79 84
1 8 12
1 8 40
1 80 108
1 83 112
1 83 135
1 84 132
1 86 116
1 87 105
1 89 120
1 9 24
1 92 124
1 95 110
1 95 128
1 98 132
1 99 105
10 10 15
10 10 21
10 10 48
10 10 99
10 109 120
10 11 20
10 11 28
10 11 72
10 110 119
10 110 126
10 116 120
10 12 120
10 120 144
10 137 140
10 14 143
10 14 18
10 14 32
10 14 45
10 14 70
10 15 60
10 17 120
10 17 36
10 18 21
10 18 45
10 18 96
10 20 40
10 20 72
10 22 126
10 22 24
10 22 60
10 23 44
10 23 56
10 25 120
10 25 84
10 26 105
10 26 27
10 26 48
10 26 77
10 29 52
10 29 80
10 30 30
10 30 42
10 30 75
10 30 96
10 32 144
10 32 40
10 32 56
10 34 117
10 35 108
10 35 60
10 38 140
10 38 55
10 38 64
10 38 90
10 40 120
10 41 140
10 41 68
10 44 72
10 45 132
10 45 48
10 46 105
10 46 90
10 47 76
10 50 144
10 50 63
10 50 80
10 50 91
10 53 60
10 53 84
10 54 120
10 55 72
10 56 112
10 56 88
10 59 92
10 62 135
10 62 65
10 62 96
10 65 100
10 68 104
10 70 84
10 71 108
10 74 112
10 74 135
10 74 80
10 75 132
10 77 116
10 78 105
10 80 120
10 83 124
10 86 110
10 86 128
10 89 132
10 90 105
10 92 136
10 95 100
10 95 140
10 98 144
100 109 120
100 110 112
100 124 132
100 125 140
101 108 120
101 109 112
101 123 132
101 124 140
102 107 120
102 108 112
102 122 132
102 123 140
103 105 105
103 106 120
103 107 112
103 121 132
103 122 140
104 104 105
104 105 120
104 106 112
104 120 132
104 121 140
105 105 112
105 119 132
105 120 120
105 120 140
106 118 132
106 119 120
106 119 140
107 117 132
107 118 120
107 118 140
108 116 132
108 117 120
108 117 140
109 115 132
109 116 120
109 116 140
11 108 120
11 109 119
11 109 126
11 11 120
11 115 120
11 119 144
11 13 143
11 13 18
11 13 32
11 13 45
11 13 70
11 136 140
11 14 60
11 16 120
11 16 36
11 17 21
11 17 45
11 17 96
11 19 40
11 19 72
11 21 126
11 21 24
11 21 60
11 22 44
11 22 56
11 24 120
11 24 84
11 25 105
11 25 27
11 25 48
11 25 77
11 28 52
11 28 80
11 29 30
11 29 42
11 29 75
11 29 96
11 31 144
11 31 40
11 31 56
11 33 117
11 33 33
11 34 108
11 34 60
11 37 140
11 37 55
11 37 64
11 37 90
11 39 120
11 40 140
11 40 68
11 43 72
11 44 132
11 44 48
11 45 105
11 45 90
11 46 76
11 49 144
11 49 63
11 49 80
11 49 91
11 52 60
11 52 84
11 53 120
11 54 72
11 55 112
11 55 88
11 58 92
11 61 135
11 61 65
11 61 96
11 64 100
11 67 104
11 69 84
11 70 108
11 73 112
11 73 135
11 73 80
11 74 132
11 76 116
11 77 105
11 79 120
11 82 124
11 85 110
11 85 128
11 88 132
11 89 105
11 91 136
11 94 100
11 94 140
11 97 144
110 114 132
110 115 120
110 115 140
111 113 132
111 114 120
111 114 140
112 112 132
112 113 120
112 113 140
112 128 128
113 127 128
114 126 128
115 125 128
116 124 128
117 123 128
118 122 128
119 121 128
119 136 136
12 107 120
12 108 119
12 108 126
12 114 120
12 118 144
12 12 143
12 12 18
12 12 32
12 12 45
12 12 70
12 13 60
12 135 140
12 15 120
12 15 36
12 16 21
12 16 45
12 16 96
12 18 40
12 18 72
12 20 126
12 20 24
12 20 60
12 21 44
12 21 56
12 23 120
12 23 84
12 24 105
12 24 27
12 24 48
12 24 77
12 27 52
12 27 80
12 28 30
12 28 42
12 28 75
12 28 96
12 30 144
12 30 40
12 30 56
12 32 117
12 32 33
12 33 108
12 33 60
12 36 140
12 36 36
12 36 55
12 36 64
12 36 90
12 38 120
12 39 140
12 39 68
12 42 72
12 43 132
12 43 48
12 44 105
12 44 90
12 45 76
12 48 144
12 48 63
12 48 80
12 48 91
12 51 60
12 51 84
12 52 120
12 53 72
12 54 112
12 54 88
12 57 92
12 60 135
12 60 65
12 60 96
12 63 100
12 66 104
12 68 84
12 69 108
12 72 112
12 72 135
12 72 80
12 73 132
12 75 116
12 76 105
12 78 120
12 81 124
12 84 110
12 84 128
12 87 132
12 88 105
12 90 136
12 93 100
12 93 140
12 96 144
120 120 128
120 135 136
121 134 136
122 133 136
123 132 136
124 131 136
125 130 136
126 129 136
126 144 144
127 128 136
127 143 144
128 142 144
129 141 144
13 106 120
13 107 119
13 107 126
13 113 120
13 117 144
13 134 140
13 14 120
13 14 36
13 15 21
13 15 45
13 15 96
13 17 40
13 17 72
13 19 126
13 19 24
13 19 60
13 20 44
13 20 56
13 22 120
13 22 84
13 23 105
13 23 27
13 23 48
13 23 77
13 26 52
13 26 80
13 27 30
13 27 42
13 27 75
13 27 96
13 29 144
13 29 40
13 29 56
13 31 117
13 31 33
13 32 108
13 32 60
13 35 140
13 35 36
13 35 55
13 35 64
13 35 90
13 37 120
13 38 140
13 38 68
13 39 39
13 41 72
13 42 132
13 42 48
13 43 105
13 43 90
13 44 76
13 47 144
13 47 63
13 47 80
13 47 91
13 50 60
13 50 84
13 51 120
13 52 72
13 53 112
13 53 88
13 56 92
13 59 135
13 59 65
13 59 96
13 62 100
13 65 104
13 67 84
13 68 108
13 71 112
13 71 135
13 71 80
13 72 132
13 74 116
13 75 105
13 77 120
13 80 124
13 83 110
13 83 128
13 86 132
13 87 105
13 89 136
13 92 100
13 92 140
13 95 144
130 140 144
131 139 144
132 138 144
133 137 144
134 136 144
135 135 144
14 105 120
14 106 119
14 106 126
14 112 120
14 116 144
14 130 130
14 133 140
14 14 21
14 14 45
14 14 96
14 16 16
14 16 40
14 16 72
14 18 126
14 18 24
14 18 60
14 19 44
14 19 56
14 21 120
14 21 84
14 22 105
14 22 27
14 22 48
14 22 77
14 25 52
14 25 80
14 26 30
14 26 42
14 26 75
14 26 96
14 28 144
14 28 40
14 28 56
14 30 117
14 30 33
14 31 108
14 31 60
14 34 140
14 34 36
14 34 55
14 34 64
14 34 90
14 36 120
14 37 140
14 37 68
14 38 39
14 40 72
14 41 132
14 41 48
14 42 105
14 42 42
14 42 90
14 43 76
14 46 144
14 46 63
14 46 80
14 46 91
14 49 60
14 49 84
14 50 120
14 51 72
14 52 112
14 52 88
14 55 92
14 58 135
14 58 65
14 58 96
14 61 100
14 64 104
14 66 84
14 67 108
14 70 112
14 70 135
14 70 80
14 71 132
14 73 116
14 74 105
14 76 120
14 79 124
14 82 110
14 82 128
14 85 132
14 86 105
14 88 136
14 91 100
14 91 140
14 94 144
14 96 96
15 104 120
15 105 119
15 105 126
15 111 120
15 115 144
15 129 130
15 132 140
15 15 16
15 15 40
15 15 72
15 17 126
15 17 24
15 17 60
15 18 44
15 18 56
15 20 120
15 20 84
15 21 105
15 21 27
15 21 48
15 21 77
15 24 52
15 24 80
15 25 30
15 25 42
15 25 75
15 25 96
15 27 144
15 27 40
15 27 56
15 29 117
15 29 33
15 30 108
15 30 60
15 33 140
15 33 36
15 33 55
15 33 64
15 33 90
15 35 120
15 36 140
15 36 68
15 37 39
15 39 72
15 40 132
15 40 48
15 41 105
15 41 42
15 41 90
15 42 76
15 45 144
15 45 45
15 45 63
15 45 80
15 45 91
15 48 60
15 48 84
15 49 120
15 50 72
15 51 112
15 51 88
15 54 92
15 57 135
15 57 65
15 57 96
15 60 100
15 63 104
15 65 84
15 66 108
15 69 112
15 69 135
15 69 80
15 70 132
15 72 116
15 73 105
15 75 120
15 78 124
15 81 110
15 81 128
15 84 132
15 85 105
15 87 136
15 90 100
15 90 140
15 93 144
15 95 96
16 103 120
16 104 119
16 104 126
16 110 120
16 114 144
16 128 130
16 131 140
16 16 126
16 16 24
16 16 60
16 17 44
16 17 56
16 19 120
16 19 84
16 20 105
16 20 27
16 20 48
16 20 77
16 23 52
16 23 80
16 24 30
16 24 42
16 24 75
16 24 96
16 26 144
16 26 40
16 26 56
16 28 117
16 28 33
16 29 108
16 29 60
16 32 140
16 32 36
16 32 55
16 32 64
16 32 90
16 34 120
16 35 140
16 35 68
16 36 39
16 38 72
16 39 132
16 39 48
16 40 105
16 40 42
16 40 90
16 41 76
16 44 144
16 44 45
16 44 63
16 44 80
16 44 91
16 47 60
16 47 84
16 48 120
16 48 48
16 49 72
16 50 112
16 50 88
16 53 92
16 56 135
16 56 65
16 56 96
16 59 100
16 62 104
16 64 84
16 65 108
16 68 112
16 68 135
16 68 80
16 69 132
16 71 116
16 72 105
16 74 120
16 77 124
16 80 110
16 80 128
16 83 132
16 84 105
16 86 136
16 89 100
16 89 140
16 92 144
16 94 96
17 102 120
17 103 119
17 103 126
17 109 120
17 113 144
17 127 130
17 130 140
17 18 120
17 18 84
17 19 105
17 19 27
17 19 48
17 19 77
17 22 52
17 22 80
17 23 30
17 23 42
17 23 75
17 23 96
17 25 144
17 25 40
17 25 56
17 27 117
17 27 33
17 28 108
17 28 28
17 28 60
17 31 140
17 31 36
17 31 55
17 31 64
17 31 90
17 33 120
17 34 140
17 34 68
17 35 39
17 37 72
17 38 132
17 38 48
17 39 105
17 39 42
17 39 90
17 40 76
17 43 144
17 43 45
17 43 63
17 43 80
17 43 91
17 46 60
17 46 84
17 47 120
17 47 48
17 48 72
17 49 112
17 49 88
17 51 51
17 52 92
17 55 135
17 55 65
17 55 96
17 58 100
17 61 104
17 63 84
17 64 108
17 67 112
17 67 135
17 67 80
17 68 132
17 70 116
17 71 105
17 73 120
17 76 124
17 79 110
17 79 128
17 82 132
17 83 105
17 85 136
17 88 100
17 88 140
17 88 88
17 91 144
17 93 96
18 101 120
18 102 119
18 102 126
18 108 120
18 112 144
18 126 130
18 129 140
18 18 105
18 18 27
18 18 48
18 18 77
18 21 52
18 21 80
18 22 30
18 22 42
18 22 75
18 22 96
18 24 144
18 24 40
18 24 56
18 26 117
18 26 33
18 27 108
18 27 28
18 27 60
18 30 140
18 30 36
18 30 55
18 30 64
18 30 90
18 32 120
18 33 140
18 33 68
18 34 39
18 36 72
18 37 132
18 37 48
18 38 105
18 38 42
18 38 90
18 39 76
18 42 144
18 42 45
18 42 63
18 42 80
18 42 91
18 45 60
18 45 84
18 46 120
18 46 48
18 47 72
18 48 112
18 48 88
18 50 51
18 51 92
18 54 135
18 54 54
18 54 65
18 54 96
18 57 100
18 60 104
18 62 84
18 63 108
18 66 112
18 66 135
18 66 80
18 67 132
18 69 116
18 70 105
18 72 120
18 75 124
18 78 110
18 78 128
18 81 132
18 82 105
18 84 136
18 87 100
18 87 140
18 87 88
18 90 144
18 92 96
19 100 120
19 101 119
19 101 126
19 107 120
19 111 144
19 125 130
19 128 140
19 20 52
19 20 80
19 21 30
19 21 42
19 21 75
19 21 96
19 23 144
19 23 40
19 23 56
19 25 117
19 25 33
19 26 108
19 26 28
19 26 60
19 29 140
19 29 36
19 29 55
19 29 64
19 29 90
19 31 120
19 32 140
19 32 68
19 33 39
19 35 72
19 36 132
19 36 48
19 37 105
19 37 42
19 37 90
19 38 76
19 41 144
19 41 45
19 41 63
19 41 80
19 41 91
19 44 60
19 44 84
19 45 120
19 45 48
19 46 72
19 47 112
19 47 88
19 49 51
19 50 92
19 53 135
19 53 54
19 53 65
19 53 96
19 56 100
19 57 57
19 59 104
19 61 84
19 62 108
19 65 112
19 65 135
19 65 80
19 66 132
19 68 116
19 69 105
19 71 120
19 74 124
19 77 110
19 77 128
19 80 132
19 81 105
19 83 136
19 86 100
19 86 140
19 86 88
19 89 144
19 91 96
2 10 16
2 10 35
2 100 136
2 103 140
2 106 144
2 11 84
2 117 120
2 118 119
2 118 126
2 12 48
2 128 144
2 13 112
2 13 20
2 13 36
2 14 30
2 14 63
2 15 144
2 16 24
2 16 80
2 18 21
2 18 48
2 18 99
2 19 20
2 19 28
2 19 72
2 2 3
2 20 120
2 22 143
2 22 32
2 22 45
2 22 70
2 23 60
2 25 120
2 25 36
2 26 45
2 26 96
2 28 40
2 28 72
2 3 12
2 30 126
2 30 60
2 31 44
2 31 56
2 33 120
2 33 84
2 34 105
2 34 48
2 34 77
2 37 52
2 37 80
2 38 42
2 38 75
2 38 96
2 4 8
2 40 144
2 40 40
2 40 56
2 42 117
2 43 108
2 43 60
2 46 140
2 46 55
2 46 64
2 46 90
2 48 120
2 49 140
2 49 68
2 5 24
2 52 72
2 53 132
2 54 105
2 54 90
2 55 76
2 58 144
2 58 63
2 58 80
2 58 91
2 6 15
2 6 6
2 61 84
2 62 120
2 63 72
2 64 112
2 64 88
2 67 92
2 7 12
2 7 40
2 70 135
2 70 96
2 73 100
2 76 104
2 78 84
2 79 108
2 8 24
2 82 112
2 82 135
2 83 132
2 85 116
2 86 105
2 88 120
2 9 60
2 91 124
2 94 110
2 94 128
2 97 132
2 98 105
20 100 119
20 100 126
20 106 120
20 110 144
20 124 130
20 127 140
20 20 30
20 20 42
20 20 75
20 20 96
20 22 144
20 22 40
20 22 56
20 24 117
20 24 33
20 25 108
20 25 28
20 25 60
20 28 140
20 28 36
20 28 55
20 28 64
20 28 90
20 30 120
20 31 140
20 31 68
20 32 39
20 34 72
20 35 132
20 35 48
20 36 105
20 36 42
20 36 90
20 37 76
20 40 144
20 40 45
20 40 63
20 40 80
20 40 91
20 43 60
20 43 84
20 44 120
20 44 48
20 45 72
20 46 112
20 46 88
20 48 51
20 49 92
20 52 135
20 52 54
20 52 65
20 52 96
20 55 100
20 56 57
20 58 104
20 60 60
20 60 84
20 61 108
20 64 112
20 64 135
20 64 80
20 65 132
20 67 116
20 68 105
20 70 120
20 73 124
20 76 110
20 76 128
20 79 132
20 80 105
20 82 136
20 85 100
20 85 140
20 85 88
20 88 144
20 90 96
20 99 120
21 105 120
21 109 144
21 123 130
21 126 140
21 144 144
21 21 144
21 21 40
21 21 56
21 23 117
21 23 33
21 24 108
21 24 24
21 24 28
21 24 60
21 27 140
21 27 36
21 27 55
21 27 64
21 27 90
21 29 120
21 30 140
21 30 68
21 31 39
21 33 72
21 34 132
21 34 48
21 35 105
21 35 42
21 35 90
21 36 76
21 39 144
21 39 45
21 39 63
21 39 80
21 39 91
21 42 60
21 42 84
21 43 120
21 43 48
21 44 72
21 45 112
21 45 88
21 47 51
21 48 92
21 51 135
21 51 54
21 51 65
21 51 96
21 54 100
21 55 57
21 57 104
21 59 60
21 59 84
21 60 108
21 63 112
21 63 135
21 63 63
21 63 80
21 64 132
21 66 116
21 67 105
21 69 120
21 72 124
21 75 110
21 75 128
21 78 132
21 79 105
21 81 136
21 84 100
21 84 140
21 84 88
21 87 144
21 89 96
21 98 120
21 99 119
21 99 126
22 104 120
22 108 144
22 122 130
22 125 140
22 143 144
22 22 117
22 22 33
22 23 108
22 23 24
22 23 28
22 23 60
22 26 140
22 26 36
22 26 55
22 26 64
22 26 90
22 28 120
22 29 140
22 29 68
22 30 39
22 32 72
22 33 132
22 33 48
22 34 105
22 34 42
22 34 90
22 35 76
22 38 144
22 38 45
22 38 63
22 38 80
22 38 91
22 41 60
22 41 84
22 42 120
22 42 48
22 43 72
22 44 112
22 44 88
22 46 51
22 47 92
22 50 135
22 50 54
22 50 65
22 50 96
22 53 100
22 54 57
22 56 104
22 58 60
22 58 84
22 59 108
22 62 112
22 62 135
22 62 63
22 62 80
22 63 132
22 65 116
22 66 105
22 66 66
22 68 120
22 71 124
22 74 110
22 74 128
22 77 132
22 78 105
22 80 136
22 83 100
22 83 140
22 83 88
22 86 144
22 88 96
22 97 120
22 98 119
22 98 126
23 103 120
23 107 144
23 121 130
23 124 140
23 133 133
23 142 144
23 25 140
23 25 36
23 25 55
23 25 64
23 25 90
23 27 120
23 28 140
23 28 68
23 29 39
23 31 72
23 32 132
23 32 48
23 33 105
23 33 33
23 33 42
23 33 90
23 34 76
23 37 144
23 37 45
23 37 63
23 37 80
23 37 91
23 40 60
23 40 84
23 41 120
23 41 48
23 42 72
23 43 112
23 43 88
23 45 51
23 46 92
23 49 135
23 49 54
23 49 65
23 49 96
23 52 100
23 53 57
23 55 104
23 57 60
23 57 84
23 58 108
23 61 112
23 61 135
23 61 63
23 61 80
23 62 132
23 64 116
23 65 105
23 65 66
23 67 120
23 69 69
23 70 124
23 73 110
23 73 128
23 76 132
23 77 105
23 79 136
23 82 100
23 82 140
23 82 88
23 85 144
23 87 96
23 96 120
23 97 119
23 97 126
24 102 120
24 106 144
24 120 130
24 123 140
24 132 133
24 141 144
24 24 140
24 24 36
24 24 55
24 24 64
24 24 90
24 26 120
24 27 140
24 27 68
24 28 39
24 30 72
24 31 132
24 31 48
24 32 105
24 32 33
24 32 42
24 32 90
24 33 76
24 36 144
24 36 45
24 36 63
24 36 80
24 36 91
24 39 60
24 39 84
24 40 120
24 40 48
24 41 72
24 42 112
24 42 88
24 44 51
24 45 92
24 48 135
24 48 54
24 48 65
24 48 96
24 51 100
24 52 57
24 54 104
24 56 60
24 56 84
24 57 108
24 60 112
24 60 135
24 60 63
24 60 80
24 61 132
24 63 116
24 64 105
24 64 66
24 66 120
24 68 69
24 69 124
24 72 110
24 72 128
24 72 72
24 75 132
24 76 105
24 78 136
24 81 100
24 81 140
24 81 88
24 84 144
24 86 96
24 95 120
24 96 119
24 96 126
25 101 120
25 105 144
25 119 130
25 122 140
25 131 133
25 140 144
25 25 120
25 26 140
25 26 68
25 27 39
25 29 72
25 30 132
25 30 48
25 31 105
25 31 33
25 31 42
25 31 90
25 32 76
25 35 144
25 35 45
25 35 63
25 35 80
25 35 91
25 38 60
25 38 84
25 39 120
25 39 48
25 40 72
25 41 112
25 41 88
25 43 51
25 44 92
25 47 135
25 47 54
25 47 65
25 47 96
25 50 100
25 51 57
25 53 104
25 55 60
25 55 84
25 56 108
25 59 112
25 59 135
25 59 63
25 59 80
25 60 132
25 62 116
25 63 105
25 63 66
25 65 120
25 67 69
25 68 124
25 71 110
25 71 128
25 71 72
25 74 132
25 75 105
25 75 75
25 77 136
25 80 100
25 80 140
25 80 88
25 83 144
25 85 96
25 94 120
25 95 119
25 95 126
26 100 120
26 104 144
26 118 130
26 121 140
26 130 133
26 139 144
26 26 39
26 28 72
26 29 132
26 29 48
26 30 105
26 30 33
26 30 42
26 30 90
26 31 76
26 34 144
26 34 45
26 34 63
26 34 80
26 34 91
26 37 60
26 37 84
26 38 120
26 38 48
26 39 72
26 40 112
26 40 88
26 42 51
26 43 92
26 46 135
26 46 54
26 46 65
26 46 96
26 49 100
26 50 57
26 52 104
26 54 60
26 54 84
26 55 108
26 58 112
26 58 135
26 58 63
26 58 80
26 59 132
26 61 116
26 62 105
26 62 66
26 64 120
26 66 69
26 67 124
26 70 110
26 70 128
26 70 72
26 73 132
26 74 105
26 74 75
26 76 136
26 78 78
26 79 100
26 79 140
26 79 88
26 82 144
26 84 96
26 93 120
26 94 119
26 94 126
27 103 144
27 117 130
27 120 140
27 129 133
27 138 144
27 27 72
27 28 132
27 28 48
27 29 105
27 29 33
27 29 42
27 29 90
27 30 76
27 33 144
27 33 45
27 33 63
27 33 80
27 33 91
27 36 60
27 36 84
27 37 120
27 37 48
27 38 72
27 39 112
27 39 88
27 41 51
27 42 92
27 45 135
27 45 54
27 45 65
27 45 96
27 48 100
27 49 57
27 51 104
27 53 60
27 53 84
27 54 108
27 57 112
27 57 135
27 57 63
27 57 80
27 58 132
27 60 116
27 61 105
27 61 66
27 63 120
27 65 69
27 66 124
27 69 110
27 69 128
27 69 72
27 72 132
27 73 105
27 73 75
27 75 136
27 77 78
27 78 100
27 78 140
27 78 88
27 81 144
27 81 81
27 83 96
27 92 120
27 93 119
27 93 126
27 99 120
28 102 144
28 116 130
28 119 140
28 128 133
28 137 144
28 28 105
28 28 33
28 28 42
28 28 90
28 29 76
28 32 144
28 32 32
28 32 45
28 32 63
28 32 80
28 32 91
28 35 60
28 35 84
28 36 120
28 36 48
28 37 72
28 38 112
28 38 88
28 40 51
28 41 92
28 44 135
28 44 54
28 44 65
28 44 96
28 47 100
28 48 57
28 50 104
28 52 60
28 52 84
28 53 108
28 56 112
28 56 135
28 56 63
28 56 80
28 57 132
28 59 116
28 60 105
28 60 66
28 62 120
28 64 69
28 65 124
28 68 110
28 68 128
28 68 72
28 71 132
28 72 105
28 72 75
28 74 136
28 76 78
28 77 100
28 77 140
28 77 88
28 80 144
28 80 81
28 82 96
28 84 84
28 91 120
28 92 119
28 92 126
28 98 120
29 101 144
29 115 130
29 118 140
29 127 133
29 136 144
29 31 144
29 31 32
29 31 45
29 31 63
29 31 80
29 31 91
29 34 60
29 34 84
29 35 120
29 35 48
29 36 72
29 37 112
29 37 88
29 39 51
29 40 92
29 43 135
29 43 54
29 43 65
29 43 96
29 46 100
29 47 57
29 49 104
29 51 60
29 51 84
29 52 108
29 55 112
29 55 135
29 55 63
29 55 80
29 56 132
29 58 116
29 59 105
29 59 66
29 61 120
29 63 69
29 64 124
29 67 110
29 67 128
29 67 72
29 70 132
29 71 105
29 71 75
29 73 136
29 75 78
29 76 100
29 76 140
29 76 88
29 79 144
29 79 81
29 81 96
29 83 84
29 87 87
29 90 120
29 91 119
29 91 126
29 97 120
3 10 84
3 102 140
3 105 144
3 11 48
3 116 120
3 117 119
3 117 126
3 12 112
3 12 20
3 12 36
3 127 144
3 13 30
3 13 63
3 14 144
3 15 24
3 15 80
3 17 21
3 17 48
3 17 99
3 18 20
3 18 28
3 18 72
3 19 120
3 21 143
3 21 32
3 21 45
3 21 70
3 22 60
3 24 120
3 24 36
3 25 45
3 25 96
3 27 40
3 27 72
3 29 126
3 29 60
3 3 8
3 30 44
3 30 56
3 32 120
3 32 84
3 33 105
3 33 48
3 33 77
3 36 52
3 36 80
3 37 42
3 37 75
3 37 96
3 39 144
3 39 40
3 39 56
3 4 24
3 41 117
3 42 108
3 42 60
3 45 140
3 45 55
3 45 64
3 45 90
3 47 120
3 48 140
3 48 68
3 5 15
3 5 6
3 51 72
3 52 132
3 53 105
3 53 90
3 54 76
3 57 144
3 57 63
3 57 80
3 57 91
3 6 12
3 6 40
3 60 60
3 60 84
3 61 120
3 62 72
3 63 112
3 63 88
3 66 92
3 69 135
3 69 96
3 7 24
3 72 100
3 75 104
3 77 84
3 78 108
3 8 60
3 81 112
3 81 135
3 82 132
3 84 116
3 85 105
3 87 120
3 9 16
3 9 35
3 9 9
3 90 124
3 93 110
3 93 128
3 96 132
3 97 105
3 99 136
30 100 144
30 114 130
30 117 140
30 126 133
30 135 144
30 30 144
30 30 32
30 30 45
30 30 63
30 30 80
30 30 91
30 33 60
30 33 84
30 34 120
30 34 48
30 35 72
30 36 112
30 36 88
30 38 51
30 39 92
30 42 135
30 42 54
30 42 65
30 42 96
30 45 100
30 46 57
30 48 104
30 50 60
30 50 84
30 51 108
30 54 112
30 54 135
30 54 63
30 54 80
30 55 132
30 57 116
30 58 105
30 58 66
30 60 120
30 62 69
30 63 124
30 66 110
30 66 128
30 66 72
30 69 132
30 70 105
30 70 75
30 72 136
30 74 78
30 75 100
30 75 140
30 75 88
30 78 144
30 78 81
30 80 96
30 82 84
30 86 87
30 89 120
30 90 119
30 90 126
30 90 90
30 96 120
31 113 130
31 116 140
31 125 133
31 134 144
31 140 140
31 32 60
31 32 84
31 33 120
31 33 48
31 34 72
31 35 112
31 35 88
31 37 51
31 38 92
31 41 135
31 41 54
31 41 65
31 41 96
31 44 100
31 45 57
31 47 104
31 49 60
31 49 84
31 50 108
31 53 112
31 53 135
31 53 63
31 53 80
31 54 132
31 56 116
31 57 105
31 57 66
31 59 120
31 60 60
31 61 69
31 62 124
31 65 110
31 65 128
31 65 72
31 68 132
31 69 105
31 69 75
31 71 136
31 73 78
31 74 100
31 74 140
31 74 88
31 77 144
31 77 81
31 79 96
31 81 84
31 85 87
31 88 120
31 89 119
31 89 126
31 89 90
31 93 93
31 95 120
31 99 144
32 112 130
32 115 140
32 124 133
32 133 144
32 139 140
32 32 120
32 32 48
32 33 72
32 34 112
32 34 88
32 36 51
32 37 92
32 40 135
32 40 54
32 40 65
32 40 96
32 43 100
32 44 57
32 46 104
32 48 60
32 48 84
32 49 108
32 52 112
32 52 135
32 52 63
32 52 80
32 53 132
32 55 116
32 56 105
32 56 66
32 58 120
32 59 60
32 60 69
32 61 124
32 64 110
32 64 128
32 64 72
32 67 132
32 68 105
32 68 75
32 70 136
32 72 78
32 73 100
32 73 140
32 73 88
32 76 144
32 76 81
32 78 96
32 80 84
32 84 87
32 87 120
32 88 119
32 88 126
32 88 90
32 92 93
32 94 120
32 96 96
32 98 144
33 111 130
33 114 140
33 123 133
33 132 144
33 138 140
33 33 112
33 33 88
33 35 51
33 36 92
33 39 135
33 39 54
33 39 65
33 39 96
33 42 100
33 43 57
33 45 104
33 47 60
33 47 84
33 48 108
33 51 112
33 51 135
33 51 63
33 51 80
33 52 132
33 54 116
33 55 105
33 55 66
33 57 120
33 58 60
33 59 69
33 60 124
33 63 110
33 63 128
33 63 72
33 66 132
33 67 105
33 67 75
33 69 136
33 71 78
33 72 100
33 72 140
33 72 88
33 75 144
33 75 81
33 77 96
33 79 84
33 83 87
33 86 120
33 87 119
33 87 126
33 87 90
33 91 93
33 93 120
33 95 96
33 97 144
33 99 99
34 102 102
34 110 130
34 113 140
34 122 133
34 131 144
34 137 140
34 34 51
34 35 92
34 38 135
34 38 54
34 38 65
34 38 96
34 41 100
34 42 57
34 44 104
34 46 60
34 46 84
34 47 108
34 50 112
34 50 135
34 50 63
34 50 80
34 51 132
34 53 116
34 54 105
34 54 66
34 56 120
34 56 56
34 57 60
34 58 69
34 59 124
34 62 110
34 62 128
34 62 72
34 65 132
34 66 105
34 66 75
34 68 136
34 70 78
34 71 100
34 71 140
34 71 88
34 74 144
34 74 81
34 76 96
34 78 84
34 82 87
34 85 120
34 86 119
34 86 126
34 86 90
34 90 93
34 92 120
34 94 96
34 96 144
34 98 99
35 101 102
35 105 105
35 109 130
35 112 140
35 121 133
35 130 144
35 136 140
35 37 135
35 37 54
35 37 65
35 37 96
35 40 100
35 40 40
35 41 57
35 43 104
35 45 60
35 45 84
35 46 108
35 49 112
35 49 135
35 49 63
35 49 80
35 50 132
35 52 116
35 53 105
35 53 66
35 55 120
35 55 56
35 56 60
35 57 69
35 58 124
35 61 110
35 61 128
35 61 72
35 64 132
35 65 105
35 65 75
35 67 136
35 69 78
35 70 100
35 70 140
35 70 88
35 73 144
35 73 81
35 75 96
35 77 84
35 81 87
35 84 120
35 85 119
35 85 126
35 85 90
35 89 93
35 91 120
35 93 96
35 95 144
35 97 99
36 100 102
36 104 105
36 108 108
36 108 130
36 111 140
36 120 133
36 129 144
36 135 140
36 36 135
36 36 54
36 36 65
36 36 96
36 39 100
36 39 40
36 40 57
36 42 104
36 44 60
36 44 84
36 45 108
36 48 112
36 48 135
36 48 63
36 48 80
36 49 132
36 51 116
36 52 105
36 52 66
36 54 120
36 54 56
36 55 60
36 56 69
36 57 124
36 60 110
36 60 128
36 60 72
36 63 132
36 64 105
36 64 75
36 66 136
36 68 78
36 69 100
36 69 140
36 69 88
36 72 144
36 72 81
36 74 96
36 76 84
36 80 87
36 83 120
36 84 119
36 84 126
36 84 90
36 88 93
36 90 120
36 92 96
36 94 144
36 96 99
37 103 105
37 107 108
37 107 130
37 110 140
37 111 111
37 119 133
37 128 144
37 134 140
37 38 100
37 38 40
37 39 57
37 41 104
37 43 60
37 43 84
37 44 108
37 47 112
37 47 135
37 47 63
37 47 80
37 48 132
37 50 116
37 51 105
37 51 66
37 53 120
37 53 56
37 54 60
37 55 69
37 56 124
37 59 110
37 59 128
37 59 72
37 62 132
37 63 105
37 63 75
37 65 136
37 67 78
37 68 100
37 68 140
37 68 88
37 71 144
37 71 81
37 73 96
37 75 84
37 79 87
37 82 120
37 83 119
37 83 126
37 83 90
37 87 93
37 89 120
37 91 96
37 93 144
37 95 99
37 99 102
38 102 105
38 106 108
38 106 130
38 109 140
38 110 111
38 114 114
38 118 133
38 127 144
38 133 140
38 38 57
38 40 104
38 42 60
38 42 84
38 43 108
38 46 112
38 46 135
38 46 63
38 46 80
38 47 132
38 49 116
38 50 105
38 50 66
38 52 120
38 52 56
38 53 60
38 54 69
38 55 124
38 58 110
38 58 128
38 58 72
38 61 132
38 62 105
38 62 75
38 64 136
38 66 78
38 67 100
38 67 140
38 67 88
38 70 144
38 70 81
38 72 96
38 74 84
38 78 87
38 81 120
38 82 119
38 82 126
38 82 90
38 86 93
38 88 120
38 90 96
38 92 144
38 94 99
38 98 102
39 101 105
39 105 108
39 105 130
39 108 140
39 109 111
39 113 114
39 117 117
39 117 133
39 126 144
39 132 140
39 39 104
39 41 60
39 41 84
39 42 108
39 45 112
39 45 135
39 45 63
39 45 80
39 46 132
39 48 116
39 49 105
39 49 66
39 51 120
39 51 56
39 52 60
39 53 69
39 54 124
39 57 110
39 57 128
39 57 72
39 60 132
39 61 105
39 61 75
39 63 136
39 65 78
39 66 100
39 66 140
39 66 88
39 69 144
39 69 81
39 71 96
39 73 84
39 77 87
39 80 120
39 81 119
39 81 126
39 81 90
39 85 93
39 87 120
39 89 96
39 91 144
39 93 99
39 97 102
4 10 48
4 101 140
4 104 144
4 11 112
4 11 20
4 11 36
4 115 120
4 116 119
4 116 126
4 12 12
4 12 30
4 12 63
4 126 144
4 13 144
4 14 24
4 14 80
4 16 21
4 16 48
4 16 99
4 17 20
4 17 28
4 17 72
4 18 120
4 20 143
4 20 32
4 20 45
4 20 70
4 21 60
4 23 120
4 23 36
4 24 45
4 24 96
4 26 40
4 26 72
4 28 126
4 28 60
4 29 44
4 29 56
4 31 120
4 31 84
4 32 105
4 32 48
4 32 77
4 35 52
4 35 80
4 36 42
4 36 75
4 36 96
4 38 144
4 38 40
4 38 56
4 4 15
4 4 6
4 40 117
4 41 108
4 41 60
4 44 140
4 44 55
4 44 64
4 44 90
4 46 120
4 47 140
4 47 68
4 5 12
4 5 40
4 50 72
4 51 132
4 52 105
4 52 90
4 53 76
4 56 144
4 56 63
4 56 80
4 56 91
4 59 60
4 59 84
4 6 24
4 60 120
4 61 72
4 62 112
4 62 88
4 65 92
4 68 135
4 68 96
4 7 60
4 71 100
4 74 104
4 76 84
4 77 108
4 8 16
4 8 35
4 8 9
4 80 112
4 80 135
4 80 80
4 81 132
4 83 116
4 84 105
4 86 120
4 89 124
4 9 84
4 92 110
4 92 128
4 95 132
4 96 105
4 98 136
40 100 105
40 104 108
40 104 130
40 107 140
40 108 111
40 112 114
40 116 117
40 116 133
40 120 120
40 125 144
40 131 140
40 40 60
40 40 84
40 41 108
40 44 112
40 44 135
40 44 63
40 44 80
40 45 132
40 47 116
40 48 105
40 48 66
40 50 120
40 50 56
40 51 60
40 52 69
40 53 124
40 56 110
40 56 128
40 56 72
40 59 132
40 60 105
40 60 75
40 62 136
40 64 78
40 65 100
40 65 140
40 65 88
40 68 144
40 68 81
40 70 96
40 72 84
40 76 87
40 79 120
40 80 119
40 80 126
40 80 90
40 84 93
40 86 120
40 88 96
40 90 144
40 92 99
40 96 102
41 103 108
41 103 130
41 106 140
41 107 111
41 111 114
41 115 117
41 115 133
41 119 120
41 123 123
41 124 144
41 130 140
41 43 112
41 43 135
41 43 63
41 43 80
41 44 132
41 46 116
41 47 105
41 47 66
41 49 120
41 49 56
41 50 60
41 51 69
41 52 124
41 55 110
41 55 128
41 55 72
41 58 132
41 59 105
41 59 75
41 61 136
41 63 78
41 64 100
41 64 140
41 64 88
41 67 144
41 67 81
41 69 96
41 71 84
41 75 87
41 78 120
41 79 119
41 79 126
41 79 90
41 83 93
41 85 120
41 87 96
41 89 144
41 91 99
41 95 102
41 99 105
42 102 108
42 102 130
42 105 140
42 106 111
42 110 114
42 114 117
42 114 133
42 118 120
42 122 123
42 123 144
42 126 126
42 129 140
42 42 112
42 42 135
42 42 63
42 42 80
42 43 132
42 45 116
42 46 105
42 46 66
42 48 120
42 48 48
42 48 56
42 49 60
42 50 69
42 51 124
42 54 110
42 54 128
42 54 72
42 57 132
42 58 105
42 58 75
42 60 136
42 62 78
42 63 100
42 63 140
42 63 88
42 66 144
42 66 81
42 68 96
42 70 84
42 74 87
42 77 120
42 78 119
42 78 126
42 78 90
42 82 93
42 84 120
42 86 96
42 88 144
42 90 99
42 94 102
42 98 105
43 101 108
43 101 130
43 104 140
43 105 111
43 109 114
43 113 117
43 113 133
43 117 120
43 121 123
43 122 144
43 125 126
43 128 140
43 129 129
43 44 116
43 45 105
43 45 66
43 47 120
43 47 48
43 47 56
43 48 60
43 49 69
43 50 124
43 53 110
43 53 128
43 53 72
43 56 132
43 57 105
43 57 75
43 59 136
43 61 78
43 62 100
43 62 140
43 62 88
43 65 144
43 65 81
43 67 96
43 69 84
43 73 87
43 76 120
43 77 119
43 77 126
43 77 90
43 81 93
43 83 120
43 85 96
43 87 144
43 89 99
43 93 102
43 97 105
44 100 108
44 100 130
44 103 140
44 104 111
44 108 114
44 112 117
44 112 133
44 116 120
44 120 123
44 121 144
44 124 126
44 127 140
44 128 129
44 132 132
44 44 105
44 44 66
44 46 120
44 46 48
44 46 56
44 47 60
44 48 69
44 49 124
44 52 110
44 52 128
44 52 72
44 55 132
44 56 105
44 56 75
44 58 136
44 60 78
44 61 100
44 61 140
44 61 88
44 64 144
44 64 81
44 66 96
44 68 84
44 72 87
44 75 120
44 76 119
44 76 126
44 76 90
44 80 93
44 82 120
44 84 96
44 86 144
44 88 99
44 92 102
44 96 105
45 102 140
45 103 111
45 107 114
45 111 117
45 111 133
45 115 120
45 119 123
45 120 144
45 123 126
45 126 140
45 127 129
45 131 132
45 135 135
45 45 120
45 45 48
45 45 56
45 46 60
45 47 69
45 48 124
45 51 110
45 51 128
45 51 72
45 54 132
45 55 105
45 55 75
45 57 136
45 59 78
45 60 100
45 60 140
45 60 88
45 63 144
45 63 81
45 65 96
45 67 84
45 71 87
45 74 120
45 75 119
45 75 126
45 75 90
45 79 93
45 81 120
45 83 96
45 85 144
45 87 99
45 91 102
45 95 105
45 99 108
45 99 130
46 101 140
46 102 111
46 106 114
46 110 117
46 110 133
46 114 120
46 118 123
46 119 144
46 122 126
46 125 140
46 126 129
46 130 132
46 134 135
46 138 138
46 46 69
46 47 124
46 50 110
46 50 128
46 50 72
46 53 132
46 54 105
46 54 75
46 56 136
46 58 78
46 59 100
46 59 140
46 59 88
46 62 144
46 62 81
46 64 96
46 66 66
46 66 84
46 70 87
46 73 120
46 74 119
46 74 126
46 74 90
46 78 93
46 80 120
46 82 96
46 84 144
46 86 99
46 90 102
46 94 105
46 98 108
46 98 130
47 100 140
47 101 111
47 105 114
47 109 117
47 109 133
47 113 120
47 117 123
47 118 144
47 121 126
47 124 140
47 125 129
47 129 132
47 133 135
47 137 138
47 141 141
47 49 110
47 49 128
47 49 72
47 52 132
47 53 105
47 53 75
47 55 136
47 57 78
47 58 100
47 58 140
47 58 88
47 61 144
47 61 81
47 63 96
47 65 66
47 65 84
47 69 87
47 72 120
47 73 119
47 73 126
47 73 90
47 77 93
47 79 120
47 81 96
47 83 144
47 85 85
47 85 99
47 89 102
47 93 105
47 97 108
47 97 130
48 100 111
48 104 114
48 108 117
48 108 133
48 112 120
48 116 123
48 117 144
48 120 126
48 123 140
48 124 129
48 128 132
48 132 135
48 136 138
48 140 141
48 144 144
48 48 110
48 48 128
48 48 72
48 51 132
48 52 105
48 52 75
48 54 136
48 56 78
48 57 100
48 57 140
48 57 88
48 60 144
48 60 81
48 62 96
48 64 66
48 64 84
48 68 87
48 71 120
48 72 119
48 72 126
48 72 90
48 76 93
48 78 120
48 80 96
48 82 144
48 84 85
48 84 99
48 88 102
48 92 105
48 96 108
48 96 130
48 99 140
49 103 114
49 104 104
49 107 117
49 107 133
49 111 120
49 115 123
49 116 144
49 119 126
49 122 140
49 123 129
49 127 132
49 131 135
49 135 138
49 139 141
49 143 144
49 50 132
49 51 105
49 51 75
49 53 136
49 55 78
49 56 100
49 56 140
49 56 56
49 56 88
49 59 144
49 59 81
49 61 96
49 63 66
49 63 84
49 67 87
49 70 120
49 71 119
49 71 126
49 71 90
49 75 93
49 77 120
49 79 96
49 81 144
49 83 85
49 83 99
49 87 102
49 91 105
49 95 108
49 95 130
49 98 140
49 99 111
5 10 112
5 10 20
5 10 36
5 100 100
5 100 140
5 103 144
5 11 12
5 11 30
5 11 63
5 114 120
5 115 119
5 115 126
5 12 144
5 125 144
5 13 24
5 13 80
5 15 15
5 15 21
5 15 48
5 15 99
5 16 20
5 16 28
5 16 72
5 17 120
5 19 143
5 19 32
5 19 45
5 19 70
5 20 60
5 22 120
5 22 36
5 23 45
5 23 96
5 25 40
5 25 72
5 27 126
5 27 60
5 28 44
5 28 56
5 30 120
5 30 84
5 31 105
5 31 48
5 31 77
5 34 52
5 34 80
5 35 42
5 35 75
5 35 96
5 37 144
5 37 40
5 37 56
5 39 117
5 40 108
5 40 60
5 43 140
5 43 55
5 43 64
5 43 90
5 45 120
5 46 140
5 46 68
5 49 72
5 5 24
5 50 132
5 51 105
5 51 90
5 52 76
5 55 144
5 55 63
5 55 80
5 55 91
5 58 60
5 58 84
5 59 120
5 6 60
5 60 72
5 61 112
5 61 88
5 64 92
5 67 135
5 67 96
5 7 16
5 7 35
5 7 9
5 70 100
5 73 104
5 75 84
5 76 108
5 79 112
5 79 135
5 79 80
5 8 84
5 80 132
5 82 116
5 83 105
5 85 120
5 88 124
5 9 48
5 91 110
5 91 128
5 94 132
5 95 105
5 97 136
50 102 114
50 103 104
50 106 117
50 106 133
50 110 120
50 114 123
50 115 144
50 118 126
50 121 140
50 122 129
50 126 132
50 130 135
50 134 138
50 138 141
50 142 144
50 50 105
50 50 75
50 52 136
50 54 78
50 55 100
50 55 140
50 55 56
50 55 88
50 58 144
50 58 81
50 60 96
50 62 66
50 62 84
50 66 87
50 69 120
50 70 119
50 70 126
50 70 90
50 74 93
50 76 120
50 78 96
50 80 144
50 82 85
50 82 99
50 86 102
50 90 105
50 94 108
50 94 130
50 97 140
50 98 111
51 101 114
51 102 104
51 105 117
51 105 133
51 109 120
51 113 123
51 114 144
51 117 126
51 120 140
51 121 129
51 125 132
51 129 135
51 133 138
51 137 141
51 141 144
51 51 136
51 53 78
51 54 100
51 54 140
51 54 56
51 54 88
51 57 144
51 57 81
51 59 96
51 61 66
51 61 84
51 65 87
51 68 120
51 69 119
51 69 126
51 69 90
51 73 93
51 75 120
51 77 96
51 79 144
51 81 85
51 81 99
51 84 84
51 85 102
51 89 105
51 93 108
51 93 130
51 96 140
51 97 111
52 100 114
52 101 104
52 104 117
52 104 133
52 108 120
52 112 123
52 113 144
52 116 126
52 119 140
52 120 129
52 124 132
52 128 135
52 132 138
52 136 141
52 140 144
52 52 78
52 53 100
52 53 140
52 53 56
52 53 88
52 56 144
52 56 81
52 58 96
52 60 66
52 60 84
52 64 87
52 67 120
52 68 119
52 68 126
52 68 90
52 72 93
52 74 120
52 76 96
52 78 144
52 80 85
52 80 99
52 83 84
52 84 102
52 88 105
52 92 108
52 92 130
52 95 140
52 96 111
53 100 104
53 103 117
53 103 133
53 107 120
53 111 123
53 112 144
53 115 126
53 118 140
53 119 129
53 123 132
53 127 135
53 131 138
53 135 141
53 139 144
53 55 144
53 55 81
53 57 96
53 59 66
53 59 84
53 63 87
53 66 120
53 67 119
53 67 126
53 67 90
53 71 93
53 73 120
53 75 96
53 77 144
53 79 85
53 79 99
53 82 84
53 83 102
53 87 105
53 91 108
53 91 130
53 94 140
53 95 111
53 99 114
54 102 117
54 102 133
54 106 120
54 110 123
54 111 144
54 114 126
54 117 140
54 118 129
54 122 132
54 126 135
54 130 138
54 134 141
54 138 144
54 54 144
54 54 81
54 56 96
54 58 66
54 58 84
54 62 87
54 65 120
54 66 119
54 66 126
54 66 90
54 70 93
54 72 120
54 74 96
54 76 144
54 78 85
54 78 99
54 81 84
54 82 102
54 86 105
54 90 108
54 90 130
54 93 140
54 94 111
54 98 114
54 99 104
55 101 117
55 101 133
55 105 120
55 109 123
55 110 144
55 113 126
55 116 140
55 117 129
55 121 132
55 125 135
55 129 138
55 133 141
55 137 144
55 55 96
55 57 66
55 57 84
55 61 87
55 64 120
55 65 119
55 65 126
55 65 90
55 69 93
55 71 120
55 73 96
55 75 144
55 77 85
55 77 99
55 80 84
55 81 102
55 85 105
55 89 108
55 89 130
55 92 140
55 93 111
55 97 114
55 98 104
56 100 117
56 100 133
56 104 120
56 108 123
56 109 144
56 112 126
56 115 140
56 116 129
56 120 132
56 124 135
56 128 138
56 132 141
56 136 144
56 56 66
56 56 84
56 60 87
56 63 120
56 64 119
56 64 126
56 64 64
56 64 90
56 68 93
56 70 120
56 72 96
56 74 144
56 76 85
56 76 99
56 79 84
56 80 102
56 84 105
56 88 108
56 88 130
56 91 140
56 92 111
56 96 114
56 97 104
57 103 120
57 107 123
57 108 144
57 111 126
57 114 140
57 115 129
57 119 132
57 123 135
57 127 138
57 131 141
57 135 144
57 59 87
57 62 120
57 63 119
57 63 126
57 63 64
57 63 90
57 67 93
57 69 120
57 71 96
57 73 144
57 75 85
57 75 99
57 78 84
57 79 102
57 83 105
57 87 108
57 87 130
57 90 140
57 91 111
57 95 114
57 96 104
57 99 117
57 99 133
58 102 120
58 106 123
58 107 144
58 110 126
58 113 140
58 114 129
58 118 132
58 122 135
58 126 138
58 130 141
58 134 144
58 58 87
58 61 120
58 62 119
58 62 126
58 62 64
58 62 90
58 66 93
58 68 120
58 70 96
58 72 144
58 74 85
58 74 99
58 77 84
58 78 102
58 82 105
58 86 108
58 86 130
58 89 140
58 90 111
58 94 114
58 95 104
58 98 117
58 98 133
59 101 120
59 105 123
59 106 144
59 109 126
59 112 140
59 113 129
59 117 132
59 121 135
59 125 138
59 129 141
59 133 144
59 60 120
59 61 119
59 61 126
59 61 64
59 61 90
59 65 93
59 67 120
59 69 96
59 71 144
59 73 85
59 73 99
59 76 84
59 77 102
59 81 105
59 85 108
59 85 130
59 88 140
59 89 111
59 93 114
59 94 104
59 97 117
59 97 133
6 10 12
6 10 30
6 10 63
6 102 144
6 11 144
6 113 120
6 114 119
6 114 126
6 12 24
6 12 80
6 120 120
6 124 144
6 14 15
6 14 21
6 14 48
6 14 99
6 15 20
6 15 28
6 15 72
6 16 120
6 18 143
6 18 18
6 18 32
6 18 45
6 18 70
6 19 60
6 21 120
6 21 36
6 22 45
6 22 96
6 24 40
6 24 72
6 26 126
6 26 60
6 27 44
6 27 56
6 29 120
6 29 84
6 30 105
6 30 48
6 30 77
6 33 52
6 33 80
6 34 42
6 34 75
6 34 96
6 36 144
6 36 40
6 36 56
6 38 117
6 39 108
6 39 60
6 42 140
6 42 55
6 42 64
6 42 90
6 44 120
6 45 140
6 45 68
6 48 72
6 49 132
6 50 105
6 50 90
6 51 76
6 54 144
6 54 63
6 54 80
6 54 91
6 57 60
6 57 84
6 58 120
6 59 72
6 6 16
6 6 35
6 6 9
6 60 112
6 60 88
6 63 92
6 66 135
6 66 96
6 69 100
6 7 84
6 72 104
6 74 84
6 75 108
6 78 112
6 78 135
6 78 80
6 79 132
6 8 48
6 81 116
6 82 105
6 84 120
6 87 124
6 9 112
6 9 20
6 9 36
6 90 110
6 90 128
6 93 132
6 94 105
6 96 136
6 99 100
6 99 140
60 100 120
60 104 123
60 105 144
60 108 126
60 111 140
60 112 129
60 116 132
60 120 135
60 124 138
60 128 141
60 132 144
60 60 119
60 60 126
60 60 64
60 60 90
60 64 93
60 66 120
60 68 96
60 70 144
60 72 85
60 72 99
60 75 84
60 76 102
60 80 105
60 84 108
60 84 130
60 87 140
60 88 111
60 92 114
60 93 104
60 96 117
60 96 133
61 103 123
61 104 144
61 107 126
61 110 140
61 111 129
61 115 132
61 119 135
61 123 138
61 127 141
61 131 144
61 63 93
61 65 120
61 67 96
61 69 144
61 71 85
61 71 99
61 74 84
61 75 102
61 79 105
61 83 108
61 83 130
61 86 140
61 87 111
61 91 114
61 92 104
61 95 117
61 95 133
61 99 120
62 102 123
62 103 144
62 106 126
62 109 140
62 110 129
62 114 132
62 118 135
62 120 120
62 122 138
62 126 141
62 130 144
62 62 93
62 64 120
62 66 96
62 68 144
62 70 85
62 70 99
62 73 84
62 74 102
62 78 105
62 82 108
62 82 130
62 85 140
62 86 111
62 90 114
62 91 104
62 94 117
62 94 133
62 98 120
63 101 123
63 102 144
63 105 126
63 108 140
63 109 129
63 113 132
63 117 135
63 119 120
63 121 138
63 125 141
63 129 144
63 63 120
63 65 96
63 67 144
63 69 85
63 69 99
63 72 72
63 72 84
63 73 102
63 77 105
63 81 108
63 81 130
63 84 140
63 85 111
63 89 114
63 90 104
63 93 117
63 93 133
63 97 120
64 100 123
64 101 144
64 104 126
64 107 140
64 108 129
64 112 132
64 116 135
64 118 120
64 120 138
64 124 141
64 128 144
64 64 96
64 66 144
64 68 85
64 68 99
64 71 72
64 71 84
64 72 102
64 76 105
64 80 108
64 80 130
64 83 140
64 84 111
64 88 114
64 89 104
64 92 117
64 92 133
64 96 120
65 100 144
65 103 126
65 106 140
65 107 129
65 111 132
65 115 135
65 117 120
65 119 138
65 123 141
65 127 144
65 65 144
65 67 85
65 67 99
65 70 72
65 70 84
65 71 102
65 75 105
65 79 108
65 79 130
65 82 140
65 83 111
65 87 114
65 88 104
65 91 117
65 91 133
65 95 120
65 99 123
66 102 126
66 105 140
66 106 129
66 110 132
66 114 135
66 116 120
66 118 138
66 122 141
66 126 144
66 66 85
66 66 99
66 69 72
66 69 84
66 70 102
66 74 105
66 78 108
66 78 130
66 81 140
66 82 111
66 86 114
66 87 104
66 90 117
66 90 133
66 94 120
66 98 123
66 99 144
67 101 126
67 104 140
67 105 129
67 109 132
67 113 135
67 115 120
67 117 138
67 121 141
67 125 144
67 68 72
67 68 84
67 69 102
67 73 105
67 77 108
67 77 130
67 80 140
67 81 111
67 85 114
67 86 104
67 89 117
67 89 133
67 93 120
67 97 123
67 98 144
68 100 126
68 103 140
68 104 129
68 108 132
68 112 112
68 112 135
68 114 120
68 116 138
68 120 141
68 124 144
68 68 102
68 72 105
68 76 108
68 76 130
68 79 140
68 80 111
68 84 114
68 85 104
68 88 117
68 88 133
68 92 120
68 96 123
68 97 144
69 102 140
69 103 129
69 107 132
69 111 112
69 111 135
69 113 120
69 115 138
69 119 141
69 123 144
69 71 105
69 75 108
69 75 130
69 78 140
69 79 111
69 83 114
69 84 104
69 87 117
69 87 133
69 91 120
69 95 123
69 96 144
69 99 126
69 99 99
7 10 144
7 101 144
7 11 24
7 11 80
7 112 120
7 113 119
7 113 126
7 119 120
7 123 144
7 13 15
7 13 21
7 13 48
7 13 99
7 14 20
7 14 28
7 14 72
7 140 140
7 15 120
7 17 143
7 17 18
7 17 32
7 17 45
7 17 70
7 18 60
7 20 120
7 20 36
7 21 21
7 21 45
7 21 96
7 23 40
7 23 72
7 25 126
7 25 60
7 26 44
7 26 56
7 28 120
7 28 84
7 29 105
7 29 48
7 29 77
7 32 52
7 32 80
7 33 42
7 33 75
7 33 96
7 35 144
7 35 40
7 35 56
7 37 117
7 38 108
7 38 60
7 41 140
7 41 55
7 41 64
7 41 90
7 43 120
7 44 140
7 44 68
7 47 72
7 48 132
7 48 48
7 49 105
7 49 90
7 50 76
7 53 144
7 53 63
7 53 80
7 53 91
7 56 60
7 56 84
7 57 120
7 58 72
7 59 112
7 59 88
7 62 92
7 65 135
7 65 65
7 65 96
7 68 100
7 7 48
7 71 104
7 73 84
7 74 108
7 77 112
7 77 135
7 77 80
7 78 132
7 8 112
7 8 20
7 8 36
7 8 8
7 80 116
7 81 105
7 83 120
7 86 124
7 89 110
7 89 128
7 9 12
7 9 30
7 9 63
7 92 132
7 93 105
7 95 136
7 98 100
7 98 140
70 101 140
70 102 129
70 106 132
70 110 112
70 110 135
70 112 120
70 114 138
70 118 141
70 122 144
70 70 105
70 74 108
70 74 130
70 77 140
70 78 111
70 80 80
70 82 114
70 83 104
70 86 117
70 86 133
70 90 120
70 94 123
70 95 144
70 98 126
70 98 99
71 100 140
71 101 129
71 105 132
71 109 112
71 109 135
71 111 120
71 113 138
71 117 141
71 121 144
71 73 108
71 73 130
71 76 140
71 77 111
71 79 80
71 81 114
71 82 104
71 85 117
71 85 133
71 89 120
71 93 123
71 94 144
71 97 126
71 97 99
72 100 129
72 104 132
72 108 112
72 108 135
72 110 120
72 112 138
72 116 141
72 120 144
72 72 108
72 72 130
72 75 140
72 76 111
72 78 80
72 80 114
72 81 104
72 84 117
72 84 133
72 88 120
72 92 123
72 93 144
72 96 126
72 96 99
72 99 140
73 103 132
73 107 112
73 107 135
73 109 120
73 111 138
73 115 141
73 119 144
73 74 140
73 75 111
73 77 80
73 79 114
73 80 104
73 83 117
73 83 133
73 87 120
73 91 123
73 92 144
73 95 126
73 95 95
73 95 99
73 98 140
73 99 129
74 102 132
74 106 112
74 106 135
74 108 120
74 110 138
74 114 141
74 118 144
74 74 111
74 76 80
74 78 114
74 79 104
74 82 117
74 82 133
74 86 120
74 90 123
74 91 144
74 94 126
74 94 95
74 94 99
74 97 140
74 98 129
75 101 132
75 105 112
75 105 135
75 107 120
75 109 138
75 113 141
75 117 144
75 75 80
75 77 114
75 78 104
75 81 117
75 81 133
75 85 120
75 89 123
75 90 144
75 93 126
75 93 95
75 93 99
75 96 140
75 97 129
76 100 132
76 104 112
76 104 135
76 106 120
76 108 138
76 112 141
76 116 144
76 76 114
76 77 104
76 80 117
76 80 133
76 84 120
76 88 123
76 89 144
76 92 126
76 92 95
76 92 99
76 95 140
76 96 129
77 103 112
77 103 135
77 105 120
77 107 138
77 111 141
77 115 144
77 79 117
77 79 133
77 83 120
77 87 123
77 88 144
77 88 88
77 91 126
77 91 95
77 91 99
77 94 140
77 95 129
77 99 132
78 102 112
78 102 135
78 104 120
78 106 138
78 110 141
78 114 144
78 78 117
78 78 133
78 82 120
78 86 123
78 87 144
78 87 88
78 90 126
78 90 95
78 90 99
78 93 140
78 94 129
78 98 132
79 101 112
79 101 135
79 103 120
79 105 138
79 109 141
79 113 144
79 81 120
79 85 123
79 86 144
79 86 88
79 89 126
79 89 95
79 89 99
79 92 140
79 93 129
79 97 132
8 10 24
8 10 80
8 100 144
8 111 120
8 112 119
8 112 126
8 118 120
8 12 15
8 12 21
8 12 48
8 12 99
8 122 144
8 13 20
8 13 28
8 13 72
8 139 140
8 14 120
8 16 143
8 16 18
8 16 32
8 16 45
8 16 70
8 17 60
8 19 120
8 19 36
8 20 21
8 20 45
8 20 96
8 22 40
8 22 72
8 24 126
8 24 24
8 24 60
8 25 44
8 25 56
8 27 120
8 27 84
8 28 105
8 28 48
8 28 77
8 31 52
8 31 80
8 32 42
8 32 75
8 32 96
8 34 144
8 34 40
8 34 56
8 36 117
8 37 108
8 37 60
8 40 140
8 40 55
8 40 64
8 40 90
8 42 120
8 43 140
8 43 68
8 46 72
8 47 132
8 47 48
8 48 105
8 48 90
8 49 76
8 52 144
8 52 63
8 52 80
8 52 91
8 55 60
8 55 84
8 56 120
8 57 72
8 58 112
8 58 88
8 61 92
8 64 135
8 64 65
8 64 96
8 67 100
8 70 104
8 72 84
8 73 108
8 76 112
8 76 135
8 76 80
8 77 132
8 79 116
8 8 12
8 8 30
8 8 63
8 80 105
8 82 120
8 85 124
8 88 110
8 88 128
8 9 144
8 91 132
8 92 105
8 94 136
8 97 100
8 97 140
80 100 112
80 100 135
80 102 120
80 104 138
80 108 141
80 112 144
80 80 120
80 84 123
80 85 144
80 85 88
80 88 126
80 88 95
80 88 99
80 91 140
80 92 129
80 96 132
81 101 120
81 103 138
81 107 141
81 111 144
81 83 123
81 84 144
81 84 88
81 87 126
81 87 95
81 87 99
81 90 140
81 91 129
81 95 132
81 99 112
81 99 135
82 100 120
82 102 138
82 106 141
82 110 144
82 82 123
82 83 144
82 83 88
82 86 126
82 86 95
82 86 99
82 89 140
82 90 129
82 94 132
82 98 112
82 98 135
83 101 138
83 105 141
83 109 144
83 85 126
83 85 95
83 85 99
83 88 140
83 89 129
83 93 132
83 97 112
83 97 135
83 99 120
84 100 138
84 104 141
84 108 144
84 84 126
84 84 95
84 84 99
84 87 140
84 88 129
84 92 132
84 96 112
84 96 135
84 96 96
84 98 120
85 103 141
85 107 144
85 140 140
85 86 140
85 87 129
85 91 132
85 95 112
85 95 135
85 95 96
85 97 120
85 99 138
86 102 141
86 106 144
86 139 140
86 86 129
86 90 132
86 94 112
86 94 135
86 94 96
86 96 120
86 98 138
87 101 141
87 105 144
87 138 140
87 89 132
87 93 112
87 93 135
87 93 96
87 95 120
87 97 138
88 100 141
88 104 144
88 137 140
88 88 132
88 92 112
88 92 135
88 92 96
88 94 120
88 96 138
89 103 144
89 120 120
89 136 140
89 91 112
89 91 135
89 91 96
89 93 120
89 95 138
89 99 141
9 11 15
9 11 21
9 11 48
9 11 99
9 110 120
9 111 119
9 111 126
9 117 120
9 12 20
9 12 28
9 12 72
9 121 144
9 13 120
9 138 140
9 15 143
9 15 18
9 15 32
9 15 45
9 15 70
9 16 60
9 18 120
9 18 36
9 19 21
9 19 45
9 19 96
9 21 40
9 21 72
9 23 126
9 23 24
9 23 60
9 24 44
9 24 56
9 26 120
9 26 84
9 27 105
9 27 27
9 27 48
9 27 77
9 30 52
9 30 80
9 31 42
9 31 75
9 31 96
9 33 144
9 33 40
9 33 56
9 35 117
9 36 108
9 36 60
9 39 140
9 39 55
9 39 64
9 39 90
9 41 120
9 42 140
9 42 68
9 45 72
9 46 132
9 46 48
9 47 105
9 47 90
9 48 76
9 51 144
9 51 63
9 51 80
9 51 91
9 54 60
9 54 84
9 55 120
9 56 72
9 57 112
9 57 88
9 60 92
9 63 135
9 63 65
9 63 96
9 66 100
9 69 104
9 71 84
9 72 108
9 75 112
9 75 135
9 75 80
9 76 132
9 78 116
9 79 105
9 81 120
9 84 124
9 87 110
9 87 128
9 9 24
9 9 80
9 90 132
9 91 105
9 93 136
9 96 100
9 96 140
9 99 144
90 102 144
90 119 120
90 135 140
90 90 112
90 90 135
90 90 96
90 92 120
90 94 138
90 98 141
91 101 144
91 104 104
91 118 120
91 134 140
91 91 120
91 93 138
91 97 141
92 100 144
92 103 104
92 117 120
92 132 132
92 133 140
92 92 138
92 96 141
93 102 104
93 116 120
93 131 132
93 132 140
93 95 141
93 99 144
94 101 104
94 115 120
94 130 132
94 131 140
94 94 141
94 98 144
95 100 104
95 114 120
95 129 132
95 130 140
95 97 144
96 113 120
96 128 132
96 129 140
96 96 144
96 99 104
97 112 120
97 127 132
97 128 140
97 98 104
98 111 120
98 112 112
98 126 132
98 127 140
99 110 120
99 111 112
99 125 132
99 126 140
count is 4652
