1 107 144
1 129 144
1 16 144
1 41 144
1 59 144
10 120 144
10 32 144
10 50 144
10 98 144
11 119 144
11 31 144
11 49 144
11 97 144
12 118 144
12 30 144
12 48 144
12 96 144
126 144 144
127 143 144
128 142 144
129 141 144
13 117 144
13 29 144
13 47 144
13 95 144
130 140 144
131 139 144
132 138 144
133 137 144
134 136 144
135 135 144
14 116 144
14 28 144
14 46 144
14 94 144
15 115 144
15 27 144
15 45 144
15 93 144
16 114 144
16 26 144
16 44 144
16 92 144
17 113 144
17 25 144
17 43 144
17 91 144
18 112 144
18 24 144
18 42 144
18 90 144
19 111 144
19 23 144
19 41 144
19 89 144
2 106 144
2 128 144
2 15 144
2 40 144
2 58 144
20 110 144
20 22 144
20 40 144
20 88 144
21 109 144
21 144 144
21 21 144
21 39 144
21 87 144
22 108 144
22 143 144
22 38 144
22 86 144
23 107 144
23 142 144
23 37 144
23 85 144
24 106 144
24 141 144
24 36 144
24 84 144
25 105 144
25 140 144
25 35 144
25 83 144
26 104 144
26 139 144
26 34 144
26 82 144
27 103 144
27 138 144
27 33 144
27 81 144
28 102 144
28 137 144
28 32 144
28 80 144
29 101 144
29 136 144
29 31 144
29 79 144
3 105 144
3 127 144
3 14 144
3 39 144
3 57 144
30 100 144
30 135 144
30 30 144
30 78 144
31 134 144
31 77 144
31 99 144
32 133 144
32 76 144
32 98 144
33 132 144
33 75 144
33 97 144
34 131 144
34 74 144
34 96 144
35 130 144
35 73 144
35 95 144
36 129 144
36 72 144
36 94 144
37 128 144
37 71 144
37 93 144
38 127 144
38 70 144
38 92 144
39 126 144
39 69 144
39 91 144
4 104 144
4 126 144
4 13 144
4 38 144
4 56 144
40 125 144
40 68 144
40 90 144
41 124 144
41 67 144
41 89 144
42 123 144
42 66 144
42 88 144
43 122 144
43 65 144
43 87 144
44 121 144
44 64 144
44 86 144
45 120 144
45 63 144
45 85 144
46 119 144
46 62 144
46 84 144
47 118 144
47 61 144
47 83 144
48 117 144
48 144 144
48 60 144
48 82 144
49 116 144
49 143 144
49 59 144
49 81 144
5 103 144
5 12 144
5 125 144
5 37 144
5 55 144
50 115 144
50 142 144
50 58 144
50 80 144
51 114 144
51 141 144
51 57 144
51 79 144
52 113 144
52 140 144
52 56 144
52 78 144
53 112 144
53 139 144
53 55 144
53 77 144
54 111 144
54 138 144
54 54 144
54 76 144
55 110 144
55 137 144
55 75 144
56 109 144
56 136 144
56 74 144
57 108 144
57 135 144
57 73 144
58 107 144
58 134 144
58 72 144
59 106 144
59 133 144
59 71 144
6 102 144
6 11 144
6 124 144
6 36 144
6 54 144
60 105 144
60 132 144
60 70 144
61 104 144
61 131 144
61 69 144
62 103 144
62 130 144
62 68 144
63 102 144
63 129 144
63 67 144
64 101 144
64 128 144
64 66 144
65 100 144
65 127 144
65 65 144
66 126 144
66 99 144
67 125 144
67 98 144
68 124 144
68 97 144
69 123 144
69 96 144
7 10 144
7 101 144
7 123 144
7 35 144
7 53 144
70 122 144
70 95 144
71 121 144
71 94 144
72 120 144
72 93 144
73 119 144
73 92 144
74 118 144
74 91 144
75 117 144
75 90 144
76 116 144
76 89 144
77 115 144
77 88 144
78 114 144
78 87 144
79 113 144
79 86 144
8 100 144
8 122 144
8 34 144
8 52 144
8 9 144
80 112 144
80 85 144
81 111 144
81 84 144
82 110 144
82 83 144
83 109 144
84 108 144
85 107 144
86 106 144
87 105 144
88 104 144
89 103 144
9 121 144
9 33 144
9 51 144
9 99 144
90 102 144
91 101 144
92 100 144
93 99 144
94 98 144
95 97 144
96 96 144
